begin_time_stamp: 1583089082.2666621
data_header:
  time_stamp: [x, y, z, R11, R12, R13, R21, R22, R23, R31, R32, R33]
trajectory_data:
  '000.0000': ['2.760', '0.718', '0.080', '-0.01982', '-0.99980', '-0.00050', '0.99980',
    '-0.01982', '-0.00011', '0.00010', '-0.00050', '1.00000']
  '000.0667': ['2.762', '0.726', '0.080', '-0.01916', '-0.99982', '-0.00047', '0.99982',
    '-0.01916', '-0.00008', '0.00007', '-0.00047', '1.00000']
  '000.1333': ['2.769', '0.739', '0.080', '-0.02062', '-0.99979', '-0.00028', '0.99979',
    '-0.02062', '0.00008', '-0.00009', '-0.00028', '1.00000']
  '000.2000': ['2.771', '0.738', '0.080', '-0.01990', '-0.99980', '-0.00005', '0.99980',
    '-0.01990', '0.00008', '-0.00008', '-0.00005', '1.00000']
  '000.2667': ['2.772', '0.738', '0.080', '-0.01894', '-0.99982', '0.00006', '0.99982',
    '-0.01894', '0.00010', '-0.00010', '0.00006', '1.00000']
  '000.3333': ['2.773', '0.738', '0.080', '-0.01638', '-0.99987', '0.00006', '0.99987',
    '-0.01638', '0.00010', '-0.00010', '0.00006', '1.00000']
  '000.4000': ['2.774', '0.739', '0.080', '-0.01827', '-0.99983', '0.00007', '0.99983',
    '-0.01827', '0.00010', '-0.00010', '0.00007', '1.00000']
  '000.4667': ['2.776', '0.743', '0.080', '-0.03229', '-0.99948', '0.00024', '0.99948',
    '-0.03229', '0.00016', '-0.00016', '0.00024', '1.00000']
  '000.5333': ['2.777', '0.743', '0.080', '-0.04322', '-0.99907', '0.00025', '0.99907',
    '-0.04322', '0.00018', '-0.00017', '0.00026', '1.00000']
  '000.6000': ['2.776', '0.744', '0.080', '-0.04225', '-0.99911', '0.00026', '0.99911',
    '-0.04225', '0.00017', '-0.00016', '0.00027', '1.00000']
  '000.6667': ['2.775', '0.743', '0.080', '-0.03990', '-0.99920', '0.00036', '0.99920',
    '-0.03990', '0.00017', '-0.00015', '0.00037', '1.00000']
  '000.7333': ['2.775', '0.743', '0.080', '-0.03734', '-0.99930', '0.00034', '0.99930',
    '-0.03734', '0.00017', '-0.00015', '0.00035', '1.00000']
  '000.8000': ['2.775', '0.743', '0.080', '-0.03509', '-0.99938', '0.00032', '0.99938',
    '-0.03509', '0.00017', '-0.00016', '0.00032', '1.00000']
  '000.8667': ['2.776', '0.743', '0.080', '-0.03338', '-0.99944', '0.00030', '0.99944',
    '-0.03338', '0.00017', '-0.00016', '0.00030', '1.00000']
  '000.9333': ['2.776', '0.743', '0.080', '-0.03524', '-0.99938', '0.00027', '0.99938',
    '-0.03524', '0.00017', '-0.00016', '0.00028', '1.00000']
  '001.0000': ['2.777', '0.743', '0.080', '-0.04078', '-0.99917', '0.00025', '0.99917',
    '-0.04078', '0.00017', '-0.00016', '0.00026', '1.00000']
  '001.0667': ['2.777', '0.743', '0.080', '-0.04670', '-0.99891', '0.00023', '0.99891',
    '-0.04670', '0.00018', '-0.00016', '0.00024', '1.00000']
  '001.1333': ['2.778', '0.743', '0.080', '-0.05288', '-0.99860', '0.00021', '0.99860',
    '-0.05288', '0.00018', '-0.00017', '0.00022', '1.00000']
  '001.2000': ['2.778', '0.743', '0.080', '-0.05925', '-0.99824', '0.00019', '0.99824',
    '-0.05925', '0.00018', '-0.00017', '0.00020', '1.00000']
  '001.2667': ['2.777', '0.742', '0.080', '-0.06572', '-0.99784', '0.00024', '0.99784',
    '-0.06572', '0.00018', '-0.00017', '0.00025', '1.00000']
  '001.3333': ['2.777', '0.742', '0.080', '-0.06264', '-0.99804', '0.00024', '0.99804',
    '-0.06264', '0.00018', '-0.00017', '0.00025', '1.00000']
  '001.4000': ['2.776', '0.741', '0.080', '-0.05991', '-0.99820', '0.00023', '0.99820',
    '-0.05991', '0.00018', '-0.00016', '0.00024', '1.00000']
  '001.4667': ['2.773', '0.738', '0.080', '-0.05851', '-0.99829', '0.00007', '0.99829',
    '-0.05851', '0.00011', '-0.00010', '0.00008', '1.00000']
  '001.5333': ['2.772', '0.739', '0.080', '-0.05726', '-0.99836', '0.00006', '0.99836',
    '-0.05726', '0.00008', '-0.00008', '0.00006', '1.00000']
  '001.6000': ['2.772', '0.743', '0.080', '-0.05663', '-0.99840', '0.00005', '0.99840',
    '-0.05663', '0.00009', '-0.00009', '0.00006', '1.00000']
  '001.6667': ['2.771', '0.751', '0.080', '-0.05626', '-0.99842', '0.00005', '0.99842',
    '-0.05626', '0.00010', '-0.00009', '0.00006', '1.00000']
  '001.7333': ['2.771', '0.759', '0.080', '-0.05626', '-0.99842', '0.00003', '0.99842',
    '-0.05626', '0.00010', '-0.00010', '0.00004', '1.00000']
  '001.8000': ['2.771', '0.769', '0.080', '-0.05602', '-0.99843', '0.00001', '0.99843',
    '-0.05602', '0.00010', '-0.00010', '0.00002', '1.00000']
  '001.8667': ['2.770', '0.777', '0.080', '-0.05733', '-0.99836', '0.00002', '0.99836',
    '-0.05733', '0.00007', '-0.00007', '0.00002', '1.00000']
  '001.9333': ['2.767', '0.779', '0.080', '-0.05646', '-0.99841', '0.00006', '0.99841',
    '-0.05646', '-0.00002', '0.00002', '0.00005', '1.00000']
  '002.0000': ['2.766', '0.787', '0.080', '-0.04942', '-0.99878', '0.00006', '0.99878',
    '-0.04942', '-0.00004', '0.00004', '0.00005', '1.00000']
  '002.0667': ['2.765', '0.798', '0.080', '-0.03698', '-0.99932', '0.00005', '0.99932',
    '-0.03698', '-0.00006', '0.00006', '0.00005', '1.00000']
  '002.1333': ['2.765', '0.810', '0.080', '-0.02899', '-0.99958', '0.00006', '0.99958',
    '-0.02899', '-0.00007', '0.00007', '0.00006', '1.00000']
  '002.2000': ['2.765', '0.819', '0.080', '-0.02393', '-0.99971', '0.00004', '0.99971',
    '-0.02393', '-0.00006', '0.00006', '0.00004', '1.00000']
  '002.2667': ['2.765', '0.829', '0.080', '-0.01922', '-0.99982', '0.00003', '0.99982',
    '-0.01922', '-0.00005', '0.00005', '0.00003', '1.00000']
  '002.3333': ['2.765', '0.840', '0.080', '-0.01464', '-0.99989', '0.00004', '0.99989',
    '-0.01464', '-0.00005', '0.00005', '0.00004', '1.00000']
  '002.4000': ['2.765', '0.850', '0.080', '-0.01025', '-0.99995', '0.00003', '0.99995',
    '-0.01025', '-0.00004', '0.00004', '0.00003', '1.00000']
  '002.4667': ['2.765', '0.860', '0.080', '-0.00629', '-0.99998', '0.00002', '0.99998',
    '-0.00629', '-0.00003', '0.00003', '0.00002', '1.00000']
  '002.5333': ['2.765', '0.871', '0.080', '-0.00215', '-1.00000', '0.00001', '1.00000',
    '-0.00215', '-0.00003', '0.00003', '0.00001', '1.00000']
  '002.6000': ['2.765', '0.881', '0.080', '0.00222', '-1.00000', '-0.00000', '1.00000',
    '0.00222', '-0.00003', '0.00003', '-0.00000', '1.00000']
  '002.6667': ['2.765', '0.891', '0.080', '0.00709', '-0.99997', '-0.00001', '0.99997',
    '0.00709', '-0.00004', '0.00004', '-0.00001', '1.00000']
  '002.7333': ['2.765', '0.900', '0.080', '0.01049', '-0.99995', '-0.00003', '0.99995',
    '0.01049', '-0.00006', '0.00006', '-0.00003', '1.00000']
  '002.8000': ['2.765', '0.910', '0.080', '0.00942', '-0.99996', '-0.00003', '0.99996',
    '0.00942', '-0.00007', '0.00007', '-0.00003', '1.00000']
  '002.8667': ['2.765', '0.920', '0.080', '0.00855', '-0.99996', '-0.00003', '0.99996',
    '0.00855', '-0.00007', '0.00007', '-0.00003', '1.00000']
  '002.9333': ['2.766', '0.929', '0.080', '0.00786', '-0.99997', '-0.00002', '0.99997',
    '0.00786', '-0.00007', '0.00007', '-0.00002', '1.00000']
  '003.0000': ['2.766', '0.939', '0.080', '0.00742', '-0.99997', '-0.00002', '0.99997',
    '0.00742', '-0.00007', '0.00007', '-0.00002', '1.00000']
  '003.0667': ['2.766', '0.950', '0.080', '0.00767', '-0.99997', '0.00001', '0.99997',
    '0.00767', '-0.00006', '0.00006', '0.00001', '1.00000']
  '003.1333': ['2.766', '0.962', '0.080', '0.00827', '-0.99997', '-0.00002', '0.99997',
    '0.00827', '-0.00008', '0.00008', '-0.00001', '1.00000']
  '003.2000': ['2.766', '0.974', '0.080', '0.00945', '-0.99996', '-0.00002', '0.99996',
    '0.00945', '-0.00004', '0.00004', '-0.00002', '1.00000']
  '003.2667': ['2.766', '0.984', '0.080', '0.01086', '-0.99994', '-0.00002', '0.99994',
    '0.01086', '-0.00003', '0.00003', '-0.00002', '1.00000']
  '003.3333': ['2.766', '0.994', '0.080', '0.01274', '-0.99992', '0.00000', '0.99992',
    '0.01274', '-0.00002', '0.00002', '0.00000', '1.00000']
  '003.4000': ['2.767', '1.004', '0.080', '0.01484', '-0.99989', '0.00001', '0.99989',
    '0.01484', '-0.00002', '0.00002', '0.00001', '1.00000']
  '003.4667': ['2.766', '1.015', '0.080', '0.01769', '-0.99984', '0.00001', '0.99984',
    '0.01769', '-0.00003', '0.00003', '0.00001', '1.00000']
  '003.5333': ['2.766', '1.026', '0.080', '0.02069', '-0.99979', '0.00002', '0.99979',
    '0.02069', '-0.00004', '0.00004', '0.00002', '1.00000']
  '003.6000': ['2.767', '1.035', '0.080', '0.02302', '-0.99974', '0.00001', '0.99974',
    '0.02302', '-0.00002', '0.00002', '0.00001', '1.00000']
  '003.6667': ['2.767', '1.046', '0.080', '0.02526', '-0.99968', '0.00002', '0.99968',
    '0.02526', '-0.00002', '0.00002', '0.00002', '1.00000']
  '003.7333': ['2.766', '1.056', '0.080', '0.02771', '-0.99962', '0.00003', '0.99962',
    '0.02771', '-0.00003', '0.00002', '0.00003', '1.00000']
  '003.8000': ['2.767', '1.068', '0.080', '0.03616', '-0.99935', '0.00003', '0.99935',
    '0.03616', '-0.00003', '0.00003', '0.00004', '1.00000']
  '003.8667': ['2.767', '1.079', '0.080', '0.03713', '-0.99931', '0.00004', '0.99931',
    '0.03713', '-0.00002', '0.00001', '0.00004', '1.00000']
  '003.9333': ['2.767', '1.089', '0.080', '0.03726', '-0.99931', '0.00003', '0.99931',
    '0.03726', '-0.00001', '0.00001', '0.00004', '1.00000']
  '004.0000': ['2.767', '1.099', '0.080', '0.03841', '-0.99926', '0.00003', '0.99926',
    '0.03841', '-0.00001', '0.00001', '0.00004', '1.00000']
  '004.0667': ['2.767', '1.111', '0.080', '0.03964', '-0.99921', '0.00004', '0.99921',
    '0.03964', '-0.00000', '0.00000', '0.00004', '1.00000']
  '004.1333': ['2.768', '1.123', '0.080', '0.04094', '-0.99916', '0.00004', '0.99916',
    '0.04094', '-0.00000', '0.00000', '0.00004', '1.00000']
  '004.2000': ['2.768', '1.135', '0.080', '0.04234', '-0.99910', '0.00006', '0.99910',
    '0.04234', '-0.00002', '0.00001', '0.00006', '1.00000']
  '004.2667': ['2.767', '1.145', '0.080', '0.04425', '-0.99902', '0.00006', '0.99902',
    '0.04425', '-0.00004', '0.00004', '0.00006', '1.00000']
  '004.3333': ['2.768', '1.153', '0.080', '0.04385', '-0.99904', '0.00007', '0.99904',
    '0.04385', '-0.00004', '0.00003', '0.00007', '1.00000']
  '004.4000': ['2.768', '1.162', '0.080', '0.03854', '-0.99926', '0.00006', '0.99926',
    '0.03854', '-0.00003', '0.00003', '0.00006', '1.00000']
  '004.4667': ['2.766', '1.170', '0.080', '0.03495', '-0.99939', '-0.00010', '0.99939',
    '0.03495', '-0.00013', '0.00013', '-0.00010', '1.00000']
  '004.5333': ['2.765', '1.179', '0.080', '0.03171', '-0.99950', '-0.00014', '0.99950',
    '0.03171', '-0.00013', '0.00013', '-0.00013', '1.00000']
  '004.6000': ['2.765', '1.188', '0.080', '0.02843', '-0.99960', '-0.00013', '0.99960',
    '0.02843', '-0.00012', '0.00013', '-0.00013', '1.00000']
  '004.6667': ['2.766', '1.198', '0.080', '0.02490', '-0.99969', '-0.00013', '0.99969',
    '0.02490', '-0.00011', '0.00012', '-0.00013', '1.00000']
  '004.7333': ['2.766', '1.209', '0.080', '0.02134', '-0.99977', '-0.00010', '0.99977',
    '0.02134', '-0.00010', '0.00011', '-0.00010', '1.00000']
  '004.8000': ['2.766', '1.219', '0.080', '0.01761', '-0.99984', '-0.00009', '0.99984',
    '0.01761', '-0.00008', '0.00008', '-0.00009', '1.00000']
  '004.8667': ['2.766', '1.230', '0.080', '0.01402', '-0.99990', '-0.00010', '0.99990',
    '0.01402', '-0.00002', '0.00002', '-0.00010', '1.00000']
  '004.9333': ['2.766', '1.239', '0.080', '0.01042', '-0.99995', '-0.00010', '0.99995',
    '0.01042', '-0.00001', '0.00001', '-0.00010', '1.00000']
  '005.0000': ['2.766', '1.247', '0.080', '0.00656', '-0.99998', '-0.00010', '0.99998',
    '0.00656', '0.00001', '-0.00001', '-0.00010', '1.00000']
  '005.0667': ['2.766', '1.256', '0.080', '0.00240', '-1.00000', '-0.00010', '1.00000',
    '0.00240', '0.00002', '-0.00002', '-0.00010', '1.00000']
  '005.1333': ['2.765', '1.268', '0.080', '-0.00205', '-1.00000', '-0.00010', '1.00000',
    '-0.00205', '0.00003', '-0.00003', '-0.00010', '1.00000']
  '005.2000': ['2.765', '1.280', '0.080', '-0.00329', '-0.99999', '-0.00010', '0.99999',
    '-0.00329', '0.00004', '-0.00004', '-0.00010', '1.00000']
  '005.2667': ['2.765', '1.292', '0.080', '0.00714', '-0.99997', '-0.00010', '0.99997',
    '0.00714', '0.00005', '-0.00005', '-0.00010', '1.00000']
  '005.3333': ['2.765', '1.303', '0.080', '0.00827', '-0.99997', '-0.00010', '0.99997',
    '0.00827', '0.00005', '-0.00005', '-0.00010', '1.00000']
  '005.4000': ['2.765', '1.315', '0.080', '0.01147', '-0.99993', '-0.00010', '0.99993',
    '0.01147', '0.00005', '-0.00005', '-0.00010', '1.00000']
  '005.4667': ['2.765', '1.325', '0.080', '0.02092', '-0.99978', '-0.00011', '0.99978',
    '0.02092', '0.00004', '-0.00004', '-0.00011', '1.00000']
  '005.5333': ['2.765', '1.335', '0.080', '0.03059', '-0.99953', '-0.00012', '0.99953',
    '0.03059', '0.00004', '-0.00003', '-0.00012', '1.00000']
  '005.6000': ['2.765', '1.346', '0.080', '0.04074', '-0.99917', '-0.00012', '0.99917',
    '0.04074', '0.00003', '-0.00003', '-0.00012', '1.00000']
  '005.6667': ['2.766', '1.358', '0.080', '0.05131', '-0.99868', '-0.00012', '0.99868',
    '0.05131', '0.00004', '-0.00003', '-0.00012', '1.00000']
  '005.7333': ['2.767', '1.371', '0.080', '0.06009', '-0.99819', '-0.00010', '0.99819',
    '0.06009', '0.00004', '-0.00004', '-0.00010', '1.00000']
  '005.8000': ['2.767', '1.383', '0.080', '0.06388', '-0.99796', '-0.00011', '0.99796',
    '0.06388', '0.00005', '-0.00004', '-0.00012', '1.00000']
  '005.8667': ['2.768', '1.395', '0.080', '0.06832', '-0.99766', '-0.00012', '0.99766',
    '0.06832', '0.00006', '-0.00005', '-0.00013', '1.00000']
  '005.9333': ['2.769', '1.407', '0.080', '0.07335', '-0.99731', '-0.00012', '0.99731',
    '0.07335', '0.00005', '-0.00004', '-0.00012', '1.00000']
  '006.0000': ['2.769', '1.417', '0.080', '0.07924', '-0.99686', '-0.00011', '0.99686',
    '0.07924', '0.00009', '-0.00008', '-0.00012', '1.00000']
  '006.0667': ['2.769', '1.422', '0.080', '0.08646', '-0.99626', '0.00001', '0.99626',
    '0.08646', '0.00038', '-0.00038', '-0.00003', '1.00000']
  '006.1333': ['2.771', '1.435', '0.080', '0.08841', '-0.99608', '-0.00007', '0.99608',
    '0.08841', '-0.00003', '0.00004', '-0.00007', '1.00000']
  '006.2000': ['2.771', '1.448', '0.080', '0.09329', '-0.99564', '-0.00007', '0.99564',
    '0.09329', '-0.00006', '0.00007', '-0.00007', '1.00000']
  '006.2667': ['2.772', '1.459', '0.080', '0.09966', '-0.99502', '-0.00007', '0.99502',
    '0.09966', '-0.00005', '0.00006', '-0.00007', '1.00000']
  '006.3333': ['2.773', '1.470', '0.080', '0.10662', '-0.99430', '-0.00008', '0.99430',
    '0.10662', '-0.00004', '0.00005', '-0.00007', '1.00000']
  '006.4000': ['2.774', '1.482', '0.080', '0.10866', '-0.99408', '-0.00007', '0.99408',
    '0.10866', '-0.00005', '0.00006', '-0.00007', '1.00000']
  '006.4667': ['2.775', '1.494', '0.080', '0.11149', '-0.99377', '-0.00008', '0.99377',
    '0.11149', '-0.00004', '0.00005', '-0.00007', '1.00000']
  '006.5333': ['2.776', '1.506', '0.080', '0.11359', '-0.99353', '-0.00008', '0.99353',
    '0.11359', '-0.00004', '0.00005', '-0.00008', '1.00000']
  '006.6000': ['2.777', '1.515', '0.080', '0.11327', '-0.99356', '-0.00010', '0.99356',
    '0.11327', '-0.00002', '0.00003', '-0.00010', '1.00000']
  '006.6667': ['2.778', '1.526', '0.080', '0.10700', '-0.99426', '-0.00010', '0.99426',
    '0.10700', '-0.00002', '0.00003', '-0.00010', '1.00000']
  '006.7333': ['2.779', '1.539', '0.080', '0.09763', '-0.99522', '-0.00011', '0.99522',
    '0.09763', '-0.00003', '0.00004', '-0.00010', '1.00000']
  '006.8000': ['2.780', '1.550', '0.080', '0.09526', '-0.99545', '-0.00012', '0.99545',
    '0.09526', '-0.00003', '0.00004', '-0.00012', '1.00000']
  '006.8667': ['2.782', '1.561', '0.080', '0.09225', '-0.99574', '-0.00011', '0.99574',
    '0.09225', '-0.00001', '0.00002', '-0.00010', '1.00000']
  '006.9333': ['2.786', '1.569', '0.080', '0.08722', '-0.99619', '0.00002', '0.99619',
    '0.08722', '0.00001', '-0.00001', '0.00002', '1.00000']
  '007.0000': ['2.787', '1.579', '0.080', '0.08227', '-0.99661', '0.00002', '0.99661',
    '0.08227', '0.00003', '-0.00003', '0.00001', '1.00000']
  '007.0667': ['2.788', '1.591', '0.080', '0.07814', '-0.99694', '0.00001', '0.99694',
    '0.07814', '0.00005', '-0.00005', '0.00001', '1.00000']
  '007.1333': ['2.788', '1.603', '0.080', '0.07512', '-0.99717', '0.00002', '0.99717',
    '0.07512', '0.00005', '-0.00005', '0.00002', '1.00000']
  '007.2000': ['2.789', '1.615', '0.080', '0.07287', '-0.99734', '0.00002', '0.99734',
    '0.07287', '0.00007', '-0.00007', '0.00001', '1.00000']
  '007.2667': ['2.790', '1.626', '0.080', '0.07067', '-0.99750', '0.00002', '0.99750',
    '0.07067', '0.00009', '-0.00009', '0.00001', '1.00000']
  '007.3333': ['2.792', '1.640', '0.080', '0.06810', '-0.99768', '0.00001', '0.99768',
    '0.06810', '0.00013', '-0.00013', '-0.00000', '1.00000']
  '007.4000': ['2.793', '1.653', '0.080', '0.06522', '-0.99787', '0.00003', '0.99787',
    '0.06522', '0.00014', '-0.00014', '0.00002', '1.00000']
  '007.4667': ['2.794', '1.665', '0.080', '0.06208', '-0.99807', '0.00005', '0.99807',
    '0.06208', '0.00015', '-0.00015', '0.00004', '1.00000']
  '007.5333': ['2.795', '1.677', '0.080', '0.05823', '-0.99830', '0.00009', '0.99830',
    '0.05823', '0.00015', '-0.00016', '0.00008', '1.00000']
  '007.6000': ['2.796', '1.687', '0.080', '0.05421', '-0.99853', '0.00013', '0.99853',
    '0.05421', '0.00016', '-0.00016', '0.00012', '1.00000']
  '007.6667': ['2.796', '1.697', '0.080', '0.05032', '-0.99873', '0.00016', '0.99873',
    '0.05032', '0.00017', '-0.00018', '0.00015', '1.00000']
  '007.7333': ['2.798', '1.708', '0.080', '0.04576', '-0.99895', '0.00019', '0.99895',
    '0.04576', '0.00018', '-0.00019', '0.00018', '1.00000']
  '007.8000': ['2.801', '1.716', '0.080', '0.03968', '-0.99921', '0.00029', '0.99921',
    '0.03968', '0.00014', '-0.00015', '0.00029', '1.00000']
  '007.8667': ['2.803', '1.727', '0.080', '0.03286', '-0.99946', '0.00028', '0.99946',
    '0.03286', '0.00015', '-0.00016', '0.00027', '1.00000']
  '007.9333': ['2.803', '1.739', '0.080', '0.02619', '-0.99966', '0.00027', '0.99966',
    '0.02619', '0.00015', '-0.00016', '0.00026', '1.00000']
  '008.0000': ['2.803', '1.750', '0.080', '0.01993', '-0.99980', '0.00027', '0.99980',
    '0.01993', '0.00017', '-0.00017', '0.00026', '1.00000']
  '008.0667': ['2.804', '1.761', '0.080', '0.01354', '-0.99991', '0.00025', '0.99991',
    '0.01354', '0.00015', '-0.00015', '0.00025', '1.00000']
  '008.1333': ['2.804', '1.771', '0.080', '0.00757', '-0.99997', '0.00026', '0.99997',
    '0.00757', '0.00014', '-0.00014', '0.00026', '1.00000']
  '008.2000': ['2.804', '1.780', '0.080', '0.00190', '-1.00000', '0.00027', '1.00000',
    '0.00190', '0.00012', '-0.00012', '0.00027', '1.00000']
  '008.2667': ['2.804', '1.789', '0.080', '-0.00383', '-0.99999', '0.00026', '0.99999',
    '-0.00383', '0.00012', '-0.00012', '0.00026', '1.00000']
  '008.3333': ['2.804', '1.801', '0.080', '-0.00887', '-0.99996', '0.00026', '0.99996',
    '-0.00887', '0.00011', '-0.00010', '0.00026', '1.00000']
  '008.4000': ['2.804', '1.812', '0.080', '-0.01138', '-0.99994', '0.00026', '0.99994',
    '-0.01138', '0.00007', '-0.00007', '0.00026', '1.00000']
  '008.4667': ['2.804', '1.824', '0.080', '-0.01383', '-0.99990', '0.00027', '0.99990',
    '-0.01383', '0.00005', '-0.00005', '0.00027', '1.00000']
  '008.5333': ['2.805', '1.835', '0.080', '-0.01631', '-0.99987', '0.00028', '0.99987',
    '-0.01631', '0.00004', '-0.00003', '0.00028', '1.00000']
  '008.6000': ['2.805', '1.846', '0.080', '-0.01849', '-0.99983', '0.00027', '0.99983',
    '-0.01849', '0.00007', '-0.00006', '0.00027', '1.00000']
  '008.6667': ['2.805', '1.857', '0.080', '-0.02038', '-0.99979', '0.00027', '0.99979',
    '-0.02038', '0.00007', '-0.00007', '0.00027', '1.00000']
  '008.7333': ['2.805', '1.867', '0.080', '-0.02249', '-0.99975', '0.00027', '0.99975',
    '-0.02249', '0.00008', '-0.00008', '0.00027', '1.00000']
  '008.8000': ['2.805', '1.879', '0.080', '-0.02467', '-0.99970', '0.00026', '0.99970',
    '-0.02467', '0.00009', '-0.00008', '0.00026', '1.00000']
  '008.8667': ['2.806', '1.890', '0.080', '-0.02725', '-0.99963', '0.00026', '0.99963',
    '-0.02725', '0.00009', '-0.00008', '0.00026', '1.00000']
  '008.9333': ['2.806', '1.901', '0.080', '-0.02993', '-0.99955', '0.00026', '0.99955',
    '-0.02993', '0.00010', '-0.00009', '0.00027', '1.00000']
  '009.0000': ['2.806', '1.911', '0.080', '-0.03319', '-0.99945', '0.00024', '0.99945',
    '-0.03319', '0.00010', '-0.00009', '0.00025', '1.00000']
  '009.0667': ['2.805', '1.923', '0.080', '-0.03694', '-0.99932', '0.00024', '0.99932',
    '-0.03694', '0.00010', '-0.00009', '0.00025', '1.00000']
  '009.1333': ['2.805', '1.935', '0.080', '-0.04134', '-0.99914', '0.00025', '0.99914',
    '-0.04134', '0.00009', '-0.00008', '0.00025', '1.00000']
  '009.2000': ['2.806', '1.946', '0.080', '-0.04695', '-0.99890', '0.00024', '0.99890',
    '-0.04695', '0.00009', '-0.00008', '0.00025', '1.00000']
  '009.2667': ['2.806', '1.956', '0.080', '-0.05263', '-0.99861', '0.00024', '0.99861',
    '-0.05263', '0.00010', '-0.00008', '0.00024', '1.00000']
  '009.3333': ['2.806', '1.969', '0.080', '-0.05283', '-0.99860', '0.00024', '0.99860',
    '-0.05283', '0.00010', '-0.00008', '0.00025', '1.00000']
  '009.4000': ['2.806', '1.982', '0.080', '-0.05400', '-0.99854', '0.00024', '0.99854',
    '-0.05400', '0.00010', '-0.00008', '0.00024', '1.00000']
  '009.4667': ['2.806', '1.994', '0.080', '-0.05582', '-0.99844', '0.00024', '0.99844',
    '-0.05582', '0.00009', '-0.00008', '0.00024', '1.00000']
  '009.5333': ['2.805', '2.006', '0.080', '-0.05781', '-0.99833', '0.00023', '0.99833',
    '-0.05781', '0.00008', '-0.00007', '0.00023', '1.00000']
  '009.6000': ['2.805', '2.018', '0.080', '-0.05609', '-0.99843', '0.00022', '0.99843',
    '-0.05609', '0.00008', '-0.00007', '0.00023', '1.00000']
  '009.6667': ['2.805', '2.028', '0.080', '-0.04747', '-0.99887', '0.00023', '0.99887',
    '-0.04747', '0.00008', '-0.00007', '0.00023', '1.00000']
  '009.7333': ['2.804', '2.039', '0.080', '-0.03837', '-0.99926', '0.00022', '0.99926',
    '-0.03837', '0.00009', '-0.00009', '0.00023', '1.00000']
  '009.8000': ['2.803', '2.049', '0.080', '-0.03931', '-0.99923', '0.00024', '0.99923',
    '-0.03931', '0.00010', '-0.00010', '0.00024', '1.00000']
  '009.8667': ['2.803', '2.061', '0.080', '-0.04244', '-0.99910', '0.00024', '0.99910',
    '-0.04244', '0.00011', '-0.00010', '0.00024', '1.00000']
  '009.9333': ['2.804', '2.073', '0.080', '-0.04672', '-0.99891', '0.00023', '0.99891',
    '-0.04672', '0.00010', '-0.00009', '0.00023', '1.00000']
  '010.0000': ['2.803', '2.083', '0.080', '-0.05116', '-0.99869', '0.00023', '0.99869',
    '-0.05116', '0.00011', '-0.00009', '0.00024', '1.00000']
  '010.0667': ['2.804', '2.096', '0.080', '-0.05661', '-0.99840', '0.00022', '0.99840',
    '-0.05661', '0.00011', '-0.00010', '0.00023', '1.00000']
  '010.1333': ['2.803', '2.106', '0.080', '-0.06304', '-0.99801', '0.00022', '0.99801',
    '-0.06304', '0.00011', '-0.00009', '0.00023', '1.00000']
  '010.2000': ['2.802', '2.116', '0.080', '-0.06972', '-0.99757', '0.00022', '0.99757',
    '-0.06972', '0.00012', '-0.00010', '0.00023', '1.00000']
  '010.2667': ['2.803', '2.126', '0.080', '-0.07784', '-0.99697', '0.00021', '0.99697',
    '-0.07784', '0.00012', '-0.00010', '0.00022', '1.00000']
  '010.3333': ['2.802', '2.138', '0.080', '-0.08685', '-0.99622', '0.00021', '0.99622',
    '-0.08685', '0.00013', '-0.00011', '0.00022', '1.00000']
  '010.4000': ['2.802', '2.151', '0.080', '-0.09110', '-0.99584', '0.00018', '0.99584',
    '-0.09110', '0.00012', '-0.00011', '0.00019', '1.00000']
  '010.4667': ['2.802', '2.165', '0.080', '-0.08685', '-0.99622', '0.00017', '0.99622',
    '-0.08685', '0.00014', '-0.00013', '0.00018', '1.00000']
  '010.5333': ['2.801', '2.175', '0.080', '-0.08125', '-0.99669', '0.00018', '0.99669',
    '-0.08125', '0.00015', '-0.00013', '0.00019', '1.00000']
  '010.6000': ['2.801', '2.186', '0.080', '-0.07646', '-0.99707', '0.00018', '0.99707',
    '-0.07646', '0.00016', '-0.00015', '0.00019', '1.00000']
  '010.6667': ['2.800', '2.198', '0.080', '-0.07540', '-0.99715', '0.00017', '0.99715',
    '-0.07540', '0.00017', '-0.00016', '0.00018', '1.00000']
  '010.7333': ['2.801', '2.210', '0.080', '-0.07065', '-0.99750', '0.00016', '0.99750',
    '-0.07065', '0.00018', '-0.00017', '0.00017', '1.00000']
  '010.8000': ['2.801', '2.221', '0.080', '-0.06568', '-0.99784', '0.00015', '0.99784',
    '-0.06568', '0.00019', '-0.00018', '0.00016', '1.00000']
  '010.8667': ['2.800', '2.232', '0.080', '-0.06012', '-0.99819', '0.00014', '0.99819',
    '-0.06012', '0.00020', '-0.00019', '0.00015', '1.00000']
  '010.9333': ['2.800', '2.245', '0.080', '-0.05340', '-0.99857', '0.00014', '0.99857',
    '-0.05340', '0.00021', '-0.00020', '0.00015', '1.00000']
  '011.0000': ['2.799', '2.257', '0.080', '-0.04465', '-0.99900', '0.00013', '0.99900',
    '-0.04465', '0.00022', '-0.00021', '0.00014', '1.00000']
  '011.0667': ['2.798', '2.269', '0.080', '-0.03486', '-0.99939', '0.00013', '0.99939',
    '-0.03486', '0.00020', '-0.00019', '0.00013', '1.00000']
  '011.1333': ['2.798', '2.280', '0.080', '-0.02429', '-0.99970', '0.00012', '0.99970',
    '-0.02429', '0.00019', '-0.00019', '0.00013', '1.00000']
  '011.2000': ['2.798', '2.290', '0.080', '-0.01348', '-0.99991', '0.00014', '0.99991',
    '-0.01348', '0.00025', '-0.00025', '0.00014', '1.00000']
  '011.2667': ['2.799', '2.300', '0.080', '-0.00298', '-1.00000', '0.00014', '1.00000',
    '-0.00298', '0.00024', '-0.00024', '0.00014', '1.00000']
  '011.3333': ['2.802', '2.317', '0.080', '0.00526', '-0.99999', '0.00025', '0.99999',
    '0.00526', '0.00014', '-0.00014', '0.00025', '1.00000']
  '011.4000': ['2.803', '2.331', '0.080', '0.01216', '-0.99993', '0.00024', '0.99993',
    '0.01216', '0.00013', '-0.00014', '0.00024', '1.00000']
  '011.4667': ['2.801', '2.343', '0.080', '0.01038', '-0.99995', '0.00024', '0.99995',
    '0.01038', '0.00015', '-0.00015', '0.00024', '1.00000']
  '011.5333': ['2.794', '2.353', '0.080', '0.01400', '-0.99990', '0.00029', '0.99990',
    '0.01400', '0.00001', '-0.00002', '0.00029', '1.00000']
  '011.6000': ['2.792', '2.362', '0.080', '0.01866', '-0.99983', '0.00030', '0.99983',
    '0.01866', '0.00001', '-0.00001', '0.00030', '1.00000']
  '011.6667': ['2.792', '2.372', '0.080', '0.02292', '-0.99974', '0.00029', '0.99974',
    '0.02292', '0.00000', '-0.00001', '0.00029', '1.00000']
  '011.7333': ['2.792', '2.384', '0.080', '0.02648', '-0.99965', '0.00027', '0.99965',
    '0.02648', '-0.00000', '-0.00000', '0.00027', '1.00000']
  '011.8000': ['2.793', '2.395', '0.080', '0.02960', '-0.99956', '0.00028', '0.99956',
    '0.02960', '0.00000', '-0.00001', '0.00028', '1.00000']
  '011.8667': ['2.793', '2.405', '0.080', '0.03228', '-0.99948', '0.00029', '0.99948',
    '0.03228', '0.00002', '-0.00003', '0.00029', '1.00000']
  '011.9333': ['2.793', '2.415', '0.080', '0.03456', '-0.99940', '0.00030', '0.99940',
    '0.03456', '0.00002', '-0.00003', '0.00030', '1.00000']
  '012.0000': ['2.794', '2.427', '0.080', '0.03648', '-0.99933', '0.00028', '0.99933',
    '0.03648', '0.00003', '-0.00004', '0.00028', '1.00000']
  '012.0667': ['2.794', '2.439', '0.080', '0.03877', '-0.99925', '0.00029', '0.99925',
    '0.03877', '0.00004', '-0.00005', '0.00029', '1.00000']
  '012.1333': ['2.795', '2.450', '0.080', '0.04217', '-0.99911', '0.00029', '0.99911',
    '0.04217', '0.00004', '-0.00005', '0.00029', '1.00000']
  '012.2000': ['2.795', '2.461', '0.080', '0.05220', '-0.99864', '0.00030', '0.99864',
    '0.05220', '0.00006', '-0.00008', '0.00029', '1.00000']
  '012.2667': ['2.795', '2.473', '0.080', '0.05620', '-0.99842', '0.00032', '0.99842',
    '0.05620', '0.00007', '-0.00009', '0.00031', '1.00000']
  '012.3333': ['2.796', '2.483', '0.080', '0.05968', '-0.99822', '0.00032', '0.99822',
    '0.05968', '0.00008', '-0.00010', '0.00031', '1.00000']
  '012.4000': ['2.796', '2.493', '0.080', '0.06369', '-0.99797', '0.00032', '0.99797',
    '0.06369', '0.00008', '-0.00010', '0.00032', '1.00000']
  '012.4667': ['2.797', '2.505', '0.080', '0.06783', '-0.99770', '0.00033', '0.99770',
    '0.06783', '0.00010', '-0.00012', '0.00032', '1.00000']
  '012.5333': ['2.797', '2.515', '0.080', '0.06692', '-0.99776', '0.00033', '0.99776',
    '0.06692', '0.00011', '-0.00013', '0.00032', '1.00000']
  '012.6000': ['2.797', '2.526', '0.080', '0.06465', '-0.99791', '0.00033', '0.99791',
    '0.06465', '0.00012', '-0.00014', '0.00032', '1.00000']
  '012.6667': ['2.798', '2.537', '0.080', '0.06231', '-0.99806', '0.00034', '0.99806',
    '0.06231', '0.00012', '-0.00014', '0.00034', '1.00000']
  '012.7333': ['2.798', '2.548', '0.080', '0.05972', '-0.99821', '0.00034', '0.99822',
    '0.05972', '0.00013', '-0.00015', '0.00033', '1.00000']
  '012.8000': ['2.799', '2.560', '0.080', '0.05703', '-0.99837', '0.00034', '0.99837',
    '0.05703', '0.00014', '-0.00016', '0.00033', '1.00000']
  '012.8667': ['2.799', '2.570', '0.080', '0.05418', '-0.99853', '0.00034', '0.99853',
    '0.05418', '0.00014', '-0.00016', '0.00034', '1.00000']
  '012.9333': ['2.800', '2.581', '0.080', '0.05128', '-0.99868', '0.00034', '0.99868',
    '0.05128', '0.00014', '-0.00016', '0.00033', '1.00000']
  '013.0000': ['2.800', '2.592', '0.080', '0.04840', '-0.99883', '0.00033', '0.99883',
    '0.04840', '0.00015', '-0.00017', '0.00033', '1.00000']
  '013.0667': ['2.800', '2.603', '0.080', '0.04563', '-0.99896', '0.00034', '0.99896',
    '0.04563', '0.00017', '-0.00019', '0.00033', '1.00000']
  '013.1333': ['2.800', '2.613', '0.080', '0.04284', '-0.99908', '0.00035', '0.99908',
    '0.04284', '0.00018', '-0.00020', '0.00035', '1.00000']
  '013.2000': ['2.801', '2.624', '0.080', '0.03995', '-0.99920', '0.00037', '0.99920',
    '0.03995', '0.00019', '-0.00020', '0.00036', '1.00000']
  '013.2667': ['2.800', '2.638', '0.080', '0.03514', '-0.99938', '0.00036', '0.99938',
    '0.03514', '0.00020', '-0.00022', '0.00036', '1.00000']
  '013.3333': ['2.800', '2.649', '0.080', '0.03282', '-0.99946', '0.00036', '0.99946',
    '0.03283', '0.00022', '-0.00023', '0.00035', '1.00000']
  '013.4000': ['2.800', '2.660', '0.080', '0.02974', '-0.99956', '0.00036', '0.99956',
    '0.02974', '0.00022', '-0.00023', '0.00035', '1.00000']
  '013.4667': ['2.800', '2.671', '0.080', '0.02549', '-0.99968', '0.00037', '0.99968',
    '0.02549', '0.00024', '-0.00025', '0.00036', '1.00000']
  '013.5333': ['2.800', '2.683', '0.080', '0.02137', '-0.99977', '0.00037', '0.99977',
    '0.02137', '0.00025', '-0.00026', '0.00037', '1.00000']
  '013.6000': ['2.800', '2.693', '0.080', '0.01668', '-0.99986', '0.00038', '0.99986',
    '0.01668', '0.00025', '-0.00026', '0.00037', '1.00000']
  '013.6667': ['2.801', '2.704', '0.080', '0.01243', '-0.99992', '0.00038', '0.99992',
    '0.01243', '0.00026', '-0.00027', '0.00038', '1.00000']
  '013.7333': ['2.800', '2.715', '0.080', '0.01442', '-0.99990', '0.00037', '0.99990',
    '0.01442', '0.00027', '-0.00027', '0.00037', '1.00000']
  '013.8000': ['2.799', '2.725', '0.080', '0.01793', '-0.99984', '0.00036', '0.99984',
    '0.01793', '0.00027', '-0.00027', '0.00035', '1.00000']
  '013.8667': ['2.799', '2.736', '0.080', '0.02150', '-0.99977', '0.00036', '0.99977',
    '0.02150', '0.00029', '-0.00030', '0.00035', '1.00000']
  '013.9333': ['2.798', '2.744', '0.080', '0.02530', '-0.99968', '0.00035', '0.99968',
    '0.02530', '0.00030', '-0.00031', '0.00034', '1.00000']
  '014.0000': ['2.797', '2.746', '0.080', '0.02981', '-0.99956', '0.00028', '0.99956',
    '0.02981', '0.00027', '-0.00028', '0.00027', '1.00000']
  '014.0667': ['2.797', '2.758', '0.080', '0.03461', '-0.99940', '0.00028', '0.99940',
    '0.03461', '0.00028', '-0.00029', '0.00027', '1.00000']
  '014.1333': ['2.798', '2.770', '0.080', '0.03915', '-0.99923', '0.00028', '0.99923',
    '0.03915', '0.00028', '-0.00029', '0.00027', '1.00000']
  '014.2000': ['2.798', '2.783', '0.080', '0.04405', '-0.99903', '0.00026', '0.99903',
    '0.04405', '0.00027', '-0.00028', '0.00025', '1.00000']
  '014.2667': ['2.798', '2.795', '0.080', '0.04979', '-0.99876', '0.00028', '0.99876',
    '0.04979', '0.00026', '-0.00028', '0.00026', '1.00000']
  '014.3333': ['2.799', '2.806', '0.080', '0.05658', '-0.99840', '0.00028', '0.99840',
    '0.05658', '0.00027', '-0.00029', '0.00027', '1.00000']
  '014.4000': ['2.801', '2.816', '0.080', '0.05520', '-0.99848', '0.00028', '0.99847',
    '0.05521', '0.00027', '-0.00029', '0.00027', '1.00000']
  '014.4667': ['2.800', '2.829', '0.080', '0.04539', '-0.99897', '0.00028', '0.99897',
    '0.04539', '0.00027', '-0.00028', '0.00027', '1.00000']
  '014.5333': ['2.801', '2.843', '0.080', '0.03689', '-0.99932', '0.00027', '0.99932',
    '0.03689', '0.00024', '-0.00025', '0.00026', '1.00000']
  '014.6000': ['2.802', '2.854', '0.080', '0.02891', '-0.99958', '0.00027', '0.99958',
    '0.02891', '0.00023', '-0.00024', '0.00027', '1.00000']
  '014.6667': ['2.803', '2.867', '0.080', '0.02061', '-0.99979', '0.00028', '0.99979',
    '0.02061', '0.00025', '-0.00025', '0.00028', '1.00000']
  '014.7333': ['2.803', '2.879', '0.080', '0.01072', '-0.99994', '0.00028', '0.99994',
    '0.01072', '0.00027', '-0.00027', '0.00028', '1.00000']
  '014.8000': ['2.803', '2.891', '0.080', '0.00051', '-1.00000', '0.00026', '1.00000',
    '0.00051', '0.00026', '-0.00026', '0.00026', '1.00000']
  '014.8667': ['2.803', '2.903', '0.080', '-0.01091', '-0.99994', '0.00027', '0.99994',
    '-0.01091', '0.00026', '-0.00026', '0.00027', '1.00000']
  '014.9333': ['2.804', '2.914', '0.080', '-0.02390', '-0.99971', '0.00026', '0.99971',
    '-0.02389', '0.00028', '-0.00027', '0.00027', '1.00000']
  '015.0000': ['2.804', '2.924', '0.080', '-0.03810', '-0.99927', '0.00023', '0.99927',
    '-0.03810', '0.00028', '-0.00027', '0.00024', '1.00000']
  '015.0667': ['2.804', '2.934', '0.080', '-0.01795', '-0.99984', '0.00023', '0.99984',
    '-0.01795', '0.00027', '-0.00027', '0.00023', '1.00000']
  '015.1333': ['2.803', '2.945', '0.080', '-0.00926', '-0.99996', '0.00024', '0.99996',
    '-0.00926', '0.00029', '-0.00028', '0.00024', '1.00000']
  '015.2000': ['2.802', '2.956', '0.080', '-0.02346', '-0.99972', '0.00025', '0.99972',
    '-0.02346', '0.00029', '-0.00028', '0.00026', '1.00000']
  '015.2667': ['2.803', '2.966', '0.080', '-0.03993', '-0.99920', '0.00026', '0.99920',
    '-0.03993', '0.00028', '-0.00027', '0.00027', '1.00000']
  '015.3333': ['2.801', '2.976', '0.080', '-0.06151', '-0.99811', '0.00027', '0.99811',
    '-0.06151', '0.00030', '-0.00028', '0.00029', '1.00000']
  '015.4000': ['2.800', '2.985', '0.080', '-0.07952', '-0.99683', '0.00027', '0.99683',
    '-0.07952', '0.00033', '-0.00031', '0.00029', '1.00000']
  '015.4667': ['2.799', '2.995', '0.080', '-0.10603', '-0.99436', '0.00027', '0.99436',
    '-0.10603', '0.00035', '-0.00032', '0.00030', '1.00000']
  '015.5333': ['2.798', '3.005', '0.080', '-0.13154', '-0.99131', '0.00029', '0.99131',
    '-0.13154', '0.00038', '-0.00034', '0.00033', '1.00000']
  '015.6000': ['2.797', '3.019', '0.080', '-0.16772', '-0.98583', '0.00028', '0.98583',
    '-0.16772', '0.00042', '-0.00037', '0.00035', '1.00000']
  '015.6667': ['2.793', '3.031', '0.080', '-0.21118', '-0.97745', '0.00029', '0.97745',
    '-0.21118', '0.00045', '-0.00037', '0.00038', '1.00000']
  '015.7333': ['2.791', '3.041', '0.080', '-0.25014', '-0.96821', '0.00029', '0.96821',
    '-0.25014', '0.00051', '-0.00042', '0.00041', '1.00000']
  '015.8000': ['2.790', '3.052', '0.080', '-0.24688', '-0.96905', '0.00029', '0.96905',
    '-0.24688', '0.00056', '-0.00047', '0.00042', '1.00000']
  '015.8667': ['2.787', '3.063', '0.080', '-0.24734', '-0.96893', '0.00029', '0.96893',
    '-0.24734', '0.00060', '-0.00051', '0.00043', '1.00000']
  '015.9333': ['2.784', '3.073', '0.080', '-0.28535', '-0.95842', '0.00028', '0.95842',
    '-0.28535', '0.00062', '-0.00052', '0.00045', '1.00000']
  '016.0000': ['2.782', '3.083', '0.080', '-0.30277', '-0.95306', '0.00027', '0.95306',
    '-0.30277', '0.00062', '-0.00051', '0.00044', '1.00000']
  '016.0667': ['2.779', '3.094', '0.080', '-0.32803', '-0.94467', '0.00025', '0.94467',
    '-0.32803', '0.00062', '-0.00050', '0.00044', '1.00000']
  '016.1333': ['2.775', '3.106', '0.080', '-0.35240', '-0.93585', '0.00024', '0.93585',
    '-0.35240', '0.00061', '-0.00048', '0.00044', '1.00000']
  '016.2000': ['2.772', '3.117', '0.080', '-0.37786', '-0.92586', '0.00023', '0.92586',
    '-0.37786', '0.00059', '-0.00045', '0.00043', '1.00000']
  '016.2667': ['2.768', '3.125', '0.080', '-0.40308', '-0.91517', '0.00022', '0.91517',
    '-0.40308', '0.00060', '-0.00046', '0.00044', '1.00000']
  '016.3333': ['2.764', '3.137', '0.080', '-0.42934', '-0.90314', '0.00021', '0.90314',
    '-0.42934', '0.00061', '-0.00046', '0.00045', '1.00000']
  '016.4000': ['2.759', '3.149', '0.080', '-0.45620', '-0.88988', '0.00018', '0.88988',
    '-0.45620', '0.00060', '-0.00045', '0.00043', '1.00000']
  '016.4667': ['2.753', '3.158', '0.080', '-0.48229', '-0.87601', '0.00018', '0.87601',
    '-0.48229', '0.00061', '-0.00045', '0.00045', '1.00000']
  '016.5333': ['2.747', '3.168', '0.080', '-0.50894', '-0.86080', '0.00017', '0.86080',
    '-0.50894', '0.00060', '-0.00043', '0.00045', '1.00000']
  '016.6000': ['2.739', '3.174', '0.080', '-0.53348', '-0.84581', '0.00025', '0.84581',
    '-0.53348', '0.00061', '-0.00038', '0.00054', '1.00000']
  '016.6667': ['2.731', '3.183', '0.080', '-0.55619', '-0.83105', '0.00025', '0.83105',
    '-0.55619', '0.00063', '-0.00038', '0.00055', '1.00000']
  '016.7333': ['2.725', '3.193', '0.080', '-0.56701', '-0.82371', '0.00024', '0.82371',
    '-0.56701', '0.00063', '-0.00038', '0.00056', '1.00000']
  '016.8000': ['2.719', '3.201', '0.080', '-0.59675', '-0.80243', '0.00023', '0.80243',
    '-0.59675', '0.00062', '-0.00036', '0.00056', '1.00000']
  '016.8667': ['2.713', '3.210', '0.080', '-0.62414', '-0.78132', '0.00023', '0.78132',
    '-0.62414', '0.00063', '-0.00035', '0.00057', '1.00000']
  '016.9333': ['2.707', '3.220', '0.080', '-0.64125', '-0.76733', '0.00021', '0.76733',
    '-0.64125', '0.00062', '-0.00034', '0.00056', '1.00000']
  '017.0000': ['2.706', '3.228', '0.080', '-0.64772', '-0.76187', '0.00021', '0.76187',
    '-0.64772', '0.00058', '-0.00031', '0.00054', '1.00000']
  '017.0667': ['2.700', '3.236', '0.080', '-0.67273', '-0.73989', '0.00021', '0.73989',
    '-0.67273', '0.00059', '-0.00030', '0.00055', '1.00000']
  '017.1333': ['2.694', '3.243', '0.080', '-0.70052', '-0.71363', '0.00020', '0.71363',
    '-0.70052', '0.00059', '-0.00028', '0.00056', '1.00000']
  '017.2000': ['2.686', '3.251', '0.080', '-0.72718', '-0.68645', '0.00018', '0.68645',
    '-0.72718', '0.00060', '-0.00028', '0.00056', '1.00000']
  '017.2667': ['2.677', '3.259', '0.080', '-0.75272', '-0.65834', '0.00016', '0.65834',
    '-0.75272', '0.00061', '-0.00028', '0.00057', '1.00000']
  '017.3333': ['2.669', '3.266', '0.080', '-0.77754', '-0.62884', '0.00016', '0.62884',
    '-0.77754', '0.00062', '-0.00027', '0.00058', '1.00000']
  '017.4000': ['2.659', '3.273', '0.080', '-0.80409', '-0.59451', '0.00016', '0.59451',
    '-0.80409', '0.00062', '-0.00024', '0.00059', '1.00000']
  '017.4667': ['2.648', '3.281', '0.080', '-0.83073', '-0.55667', '0.00014', '0.55667',
    '-0.83073', '0.00061', '-0.00023', '0.00059', '1.00000']
  '017.5333': ['2.638', '3.288', '0.080', '-0.84390', '-0.53649', '0.00013', '0.53649',
    '-0.84390', '0.00060', '-0.00021', '0.00057', '1.00000']
  '017.6000': ['2.629', '3.293', '0.080', '-0.85705', '-0.51523', '0.00012', '0.51523',
    '-0.85705', '0.00058', '-0.00019', '0.00056', '1.00000']
  '017.6666': ['2.618', '3.299', '0.080', '-0.87000', '-0.49305', '0.00013', '0.49305',
    '-0.87000', '0.00059', '-0.00018', '0.00058', '1.00000']
  '017.7333': ['2.607', '3.305', '0.080', '-0.88258', '-0.47016', '0.00012', '0.47016',
    '-0.88258', '0.00061', '-0.00018', '0.00060', '1.00000']
  '017.8000': ['2.597', '3.311', '0.080', '-0.89461', '-0.44686', '0.00011', '0.44686',
    '-0.89461', '0.00061', '-0.00017', '0.00060', '1.00000']
  '017.8666': ['2.586', '3.316', '0.080', '-0.90612', '-0.42301', '0.00010', '0.42301',
