begin_time_stamp: 1583084879.9999955
data_header:
  time_stamp: [x, y, z, R11, R12, R13, R21, R22, R23, R31, R32, R33]
trajectory_data:
  '000.0000': ['2.764', '0.705', '0.080', '0.08710', '-0.99620', '-0.00001', '0.99620',
    '0.08710', '-0.00004', '0.00004', '-0.00000', '1.00000']
  '000.0667': ['2.765', '0.708', '0.080', '0.08623', '-0.99627', '-0.00000', '0.99627',
    '0.08623', '-0.00002', '0.00002', '0.00000', '1.00000']
  '000.1333': ['2.767', '0.708', '0.080', '0.08549', '-0.99634', '0.00003', '0.99634',
    '0.08549', '0.00010', '-0.00010', '0.00002', '1.00000']
  '000.2000': ['2.767', '0.709', '0.080', '0.06831', '-0.99766', '0.00005', '0.99766',
    '0.06831', '0.00011', '-0.00011', '0.00004', '1.00000']
  '000.2667': ['2.767', '0.709', '0.080', '0.04951', '-0.99877', '0.00005', '0.99877',
    '0.04951', '0.00011', '-0.00011', '0.00004', '1.00000']
  '000.3333': ['2.768', '0.708', '0.080', '0.03128', '-0.99951', '0.00004', '0.99951',
    '0.03128', '0.00011', '-0.00011', '0.00004', '1.00000']
  '000.4000': ['2.768', '0.709', '0.080', '0.02010', '-0.99980', '0.00005', '0.99980',
    '0.02010', '0.00011', '-0.00012', '0.00005', '1.00000']
  '000.4667': ['2.770', '0.709', '0.080', '0.00608', '-0.99998', '0.00019', '0.99998',
    '0.00608', '0.00022', '-0.00022', '0.00019', '1.00000']
  '000.5333': ['2.770', '0.707', '0.080', '0.00910', '-0.99996', '0.00011', '0.99996',
    '0.00910', '0.00025', '-0.00025', '0.00010', '1.00000']
  '000.6000': ['2.768', '0.707', '0.080', '0.01968', '-0.99981', '0.00003', '0.99981',
    '0.01968', '0.00018', '-0.00018', '0.00003', '1.00000']
  '000.6667': ['2.766', '0.706', '0.080', '0.02610', '-0.99966', '-0.00004', '0.99966',
    '0.02610', '0.00012', '-0.00012', '-0.00005', '1.00000']
  '000.7333': ['2.765', '0.706', '0.080', '0.02477', '-0.99969', '-0.00012', '0.99969',
    '0.02477', '0.00005', '-0.00005', '-0.00012', '1.00000']
  '000.8000': ['2.763', '0.705', '0.080', '0.02461', '-0.99970', '-0.00020', '0.99970',
    '0.02461', '-0.00002', '0.00002', '-0.00019', '1.00000']
  '000.8667': ['2.762', '0.705', '0.080', '0.02562', '-0.99967', '-0.00027', '0.99967',
    '0.02562', '-0.00008', '0.00009', '-0.00027', '1.00000']
  '000.9333': ['2.760', '0.704', '0.080', '0.02779', '-0.99961', '-0.00035', '0.99961',
    '0.02779', '-0.00014', '0.00015', '-0.00034', '1.00000']
  '001.0000': ['2.758', '0.704', '0.080', '0.03110', '-0.99952', '-0.00043', '0.99952',
    '0.03110', '-0.00020', '0.00022', '-0.00042', '1.00000']
  '001.0667': ['2.760', '0.704', '0.080', '0.03340', '-0.99944', '-0.00041', '0.99944',
    '0.03340', '-0.00017', '0.00018', '-0.00040', '1.00000']
  '001.1333': ['2.764', '0.705', '0.080', '0.03229', '-0.99948', '-0.00011', '0.99948',
    '0.03229', '0.00008', '-0.00007', '-0.00012', '1.00000']
  '001.2000': ['2.765', '0.705', '0.080', '0.02984', '-0.99955', '-0.00008', '0.99955',
    '0.02984', '0.00009', '-0.00009', '-0.00009', '1.00000']
  '001.2667': ['2.765', '0.705', '0.080', '0.02640', '-0.99965', '-0.00007', '0.99965',
    '0.02640', '0.00010', '-0.00010', '-0.00008', '1.00000']
  '001.3333': ['2.766', '0.706', '0.080', '0.02187', '-0.99976', '-0.00010', '0.99976',
    '0.02187', '0.00010', '-0.00009', '-0.00010', '1.00000']
  '001.4000': ['2.766', '0.706', '0.080', '0.01950', '-0.99981', '-0.00009', '0.99981',
    '0.01950', '0.00010', '-0.00009', '-0.00009', '1.00000']
  '001.4667': ['2.766', '0.707', '0.080', '0.01957', '-0.99981', '-0.00009', '0.99981',
    '0.01957', '0.00008', '-0.00008', '-0.00010', '1.00000']
  '001.5333': ['2.766', '0.710', '0.080', '0.01822', '-0.99983', '-0.00009', '0.99983',
    '0.01822', '0.00011', '-0.00011', '-0.00009', '1.00000']
  '001.6000': ['2.767', '0.715', '0.080', '0.01525', '-0.99988', '0.00002', '0.99988',
    '0.01525', '0.00012', '-0.00012', '0.00002', '1.00000']
  '001.6667': ['2.767', '0.720', '0.080', '0.01209', '-0.99993', '0.00003', '0.99993',
    '0.01209', '0.00012', '-0.00012', '0.00003', '1.00000']
  '001.7333': ['2.767', '0.725', '0.080', '0.01155', '-0.99993', '0.00002', '0.99993',
    '0.01155', '0.00012', '-0.00012', '0.00002', '1.00000']
  '001.8000': ['2.767', '0.732', '0.080', '0.01135', '-0.99994', '0.00001', '0.99994',
    '0.01135', '0.00012', '-0.00012', '0.00001', '1.00000']
  '001.8667': ['2.767', '0.740', '0.080', '0.00214', '-1.00000', '-0.00001', '1.00000',
    '0.00214', '0.00013', '-0.00013', '-0.00001', '1.00000']
  '001.9333': ['2.767', '0.749', '0.080', '-0.01113', '-0.99994', '-0.00002', '0.99994',
    '-0.01113', '0.00013', '-0.00013', '-0.00002', '1.00000']
  '002.0000': ['2.766', '0.758', '0.080', '-0.01879', '-0.99982', '-0.00001', '0.99982',
    '-0.01879', '0.00013', '-0.00013', '-0.00001', '1.00000']
  '002.0667': ['2.766', '0.768', '0.080', '-0.02282', '-0.99974', '-0.00003', '0.99974',
    '-0.02282', '0.00012', '-0.00013', '-0.00002', '1.00000']
  '002.1333': ['2.766', '0.777', '0.080', '-0.03752', '-0.99930', '-0.00003', '0.99930',
    '-0.03752', '0.00010', '-0.00010', '-0.00002', '1.00000']
  '002.2000': ['2.766', '0.786', '0.080', '-0.05043', '-0.99873', '-0.00002', '0.99873',
    '-0.05043', '0.00007', '-0.00007', '-0.00002', '1.00000']
  '002.2667': ['2.765', '0.795', '0.080', '-0.05273', '-0.99861', '-0.00003', '0.99861',
    '-0.05273', '0.00006', '-0.00006', '-0.00002', '1.00000']
  '002.3333': ['2.765', '0.806', '0.080', '-0.05548', '-0.99846', '-0.00004', '0.99846',
    '-0.05548', '0.00006', '-0.00006', '-0.00003', '1.00000']
  '002.4000': ['2.765', '0.815', '0.080', '-0.05849', '-0.99829', '-0.00003', '0.99829',
    '-0.05849', '0.00006', '-0.00006', '-0.00003', '1.00000']
  '002.4667': ['2.764', '0.821', '0.080', '-0.06049', '-0.99817', '0.00005', '0.99817',
    '-0.06049', '-0.00006', '0.00006', '0.00004', '1.00000']
  '002.5333': ['2.764', '0.829', '0.080', '-0.05303', '-0.99859', '0.00004', '0.99859',
    '-0.05303', '-0.00007', '0.00007', '0.00003', '1.00000']
  '002.6000': ['2.763', '0.837', '0.080', '-0.06751', '-0.99772', '0.00003', '0.99772',
    '-0.06751', '-0.00006', '0.00006', '0.00003', '1.00000']
  '002.6667': ['2.763', '0.845', '0.080', '-0.08740', '-0.99617', '0.00002', '0.99617',
    '-0.08740', '-0.00006', '0.00006', '0.00001', '1.00000']
  '002.7333': ['2.762', '0.854', '0.080', '-0.09181', '-0.99578', '0.00003', '0.99578',
    '-0.09181', '-0.00005', '0.00005', '0.00002', '1.00000']
  '002.8000': ['2.761', '0.863', '0.080', '-0.09094', '-0.99586', '0.00003', '0.99586',
    '-0.09094', '-0.00005', '0.00006', '0.00002', '1.00000']
  '002.8667': ['2.761', '0.872', '0.080', '-0.08700', '-0.99621', '0.00001', '0.99621',
    '-0.08700', '-0.00006', '0.00006', '0.00000', '1.00000']
  '002.9333': ['2.760', '0.880', '0.080', '-0.08539', '-0.99635', '-0.00000', '0.99635',
    '-0.08539', '-0.00004', '0.00004', '-0.00001', '1.00000']
  '003.0000': ['2.759', '0.891', '0.080', '-0.08649', '-0.99625', '-0.00001', '0.99625',
    '-0.08649', '-0.00004', '0.00004', '-0.00001', '1.00000']
  '003.0667': ['2.759', '0.903', '0.080', '-0.08545', '-0.99634', '-0.00002', '0.99634',
    '-0.08545', '-0.00005', '0.00005', '-0.00002', '1.00000']
  '003.1333': ['2.760', '0.920', '0.080', '-0.09168', '-0.99579', '-0.00011', '0.99579',
    '-0.09168', '0.00006', '-0.00007', '-0.00010', '1.00000']
  '003.2000': ['2.759', '0.928', '0.080', '-0.10387', '-0.99459', '-0.00012', '0.99459',
    '-0.10387', '0.00005', '-0.00006', '-0.00011', '1.00000']
  '003.2667': ['2.756', '0.929', '0.080', '-0.11497', '-0.99337', '-0.00004', '0.99337',
    '-0.11497', '-0.00009', '0.00009', '-0.00005', '1.00000']
  '003.3333': ['2.755', '0.936', '0.080', '-0.11479', '-0.99339', '-0.00004', '0.99339',
    '-0.11479', '-0.00010', '0.00009', '-0.00005', '1.00000']
  '003.4000': ['2.754', '0.945', '0.080', '-0.11241', '-0.99366', '-0.00005', '0.99366',
    '-0.11241', '-0.00007', '0.00006', '-0.00006', '1.00000']
  '003.4667': ['2.753', '0.957', '0.080', '-0.11699', '-0.99313', '-0.00005', '0.99313',
    '-0.11699', '-0.00007', '0.00006', '-0.00005', '1.00000']
  '003.5333': ['2.752', '0.967', '0.080', '-0.11645', '-0.99320', '-0.00005', '0.99320',
    '-0.11645', '-0.00007', '0.00006', '-0.00006', '1.00000']
  '003.6000': ['2.751', '0.977', '0.080', '-0.10486', '-0.99449', '-0.00003', '0.99449',
    '-0.10486', '-0.00006', '0.00006', '-0.00004', '1.00000']
  '003.6667': ['2.750', '0.988', '0.080', '-0.09256', '-0.99571', '-0.00003', '0.99571',
    '-0.09256', '-0.00005', '0.00004', '-0.00004', '1.00000']
  '003.7333': ['2.749', '0.998', '0.080', '-0.08053', '-0.99675', '-0.00002', '0.99675',
    '-0.08053', '-0.00005', '0.00005', '-0.00003', '1.00000']
  '003.8000': ['2.748', '1.008', '0.080', '-0.07244', '-0.99737', '-0.00003', '0.99737',
    '-0.07244', '-0.00005', '0.00005', '-0.00004', '1.00000']
  '003.8667': ['2.747', '1.019', '0.080', '-0.06856', '-0.99765', '-0.00002', '0.99765',
    '-0.06856', '-0.00005', '0.00005', '-0.00002', '1.00000']
  '003.9333': ['2.747', '1.029', '0.080', '-0.06450', '-0.99792', '-0.00000', '0.99792',
    '-0.06450', '-0.00005', '0.00005', '-0.00000', '1.00000']
  '004.0000': ['2.746', '1.040', '0.080', '-0.06041', '-0.99817', '0.00001', '0.99817',
    '-0.06041', '-0.00005', '0.00005', '0.00001', '1.00000']
  '004.0667': ['2.746', '1.049', '0.080', '-0.05676', '-0.99839', '0.00001', '0.99839',
    '-0.05676', '-0.00005', '0.00005', '0.00000', '1.00000']
  '004.1333': ['2.745', '1.059', '0.080', '-0.05377', '-0.99855', '0.00001', '0.99855',
    '-0.05377', '-0.00006', '0.00006', '0.00001', '1.00000']
  '004.2000': ['2.745', '1.067', '0.080', '-0.05145', '-0.99868', '0.00002', '0.99868',
    '-0.05145', '-0.00004', '0.00004', '0.00001', '1.00000']
  '004.2667': ['2.744', '1.077', '0.080', '-0.04960', '-0.99877', '0.00002', '0.99877',
    '-0.04960', '-0.00003', '0.00003', '0.00002', '1.00000']
  '004.3333': ['2.744', '1.087', '0.080', '-0.04803', '-0.99885', '0.00002', '0.99885',
    '-0.04803', '-0.00003', '0.00003', '0.00002', '1.00000']
  '004.4000': ['2.743', '1.097', '0.080', '-0.04656', '-0.99892', '0.00003', '0.99892',
    '-0.04656', '-0.00002', '0.00002', '0.00002', '1.00000']
  '004.4667': ['2.743', '1.107', '0.080', '-0.04533', '-0.99897', '0.00003', '0.99897',
    '-0.04533', '-0.00001', '0.00001', '0.00003', '1.00000']
  '004.5333': ['2.742', '1.118', '0.080', '-0.04403', '-0.99903', '0.00003', '0.99903',
    '-0.04403', '-0.00001', '0.00001', '0.00003', '1.00000']
  '004.6000': ['2.741', '1.128', '0.080', '-0.04296', '-0.99908', '0.00003', '0.99908',
    '-0.04296', '-0.00001', '0.00001', '0.00003', '1.00000']
  '004.6667': ['2.741', '1.139', '0.080', '-0.04198', '-0.99912', '0.00005', '0.99912',
    '-0.04198', '-0.00003', '0.00003', '0.00005', '1.00000']
  '004.7333': ['2.740', '1.148', '0.080', '-0.04101', '-0.99916', '0.00005', '0.99916',
    '-0.04101', '-0.00003', '0.00004', '0.00005', '1.00000']
  '004.8000': ['2.739', '1.157', '0.080', '-0.03935', '-0.99923', '0.00000', '0.99923',
    '-0.03935', '-0.00005', '0.00005', '-0.00000', '1.00000']
  '004.8667': ['2.736', '1.169', '0.080', '-0.03526', '-0.99938', '-0.00014', '0.99938',
    '-0.03526', '-0.00015', '0.00015', '-0.00015', '1.00000']
  '004.9333': ['2.734', '1.178', '0.080', '-0.03066', '-0.99953', '-0.00015', '0.99953',
    '-0.03066', '-0.00017', '0.00016', '-0.00015', '1.00000']
  '005.0000': ['2.734', '1.188', '0.080', '-0.02580', '-0.99967', '-0.00015', '0.99967',
    '-0.02580', '-0.00016', '0.00016', '-0.00015', '1.00000']
  '005.0667': ['2.734', '1.198', '0.080', '-0.02070', '-0.99979', '-0.00014', '0.99979',
    '-0.02070', '-0.00016', '0.00015', '-0.00015', '1.00000']
  '005.1333': ['2.733', '1.207', '0.080', '-0.01514', '-0.99989', '-0.00013', '0.99989',
    '-0.01514', '-0.00015', '0.00015', '-0.00013', '1.00000']
  '005.2000': ['2.733', '1.216', '0.080', '-0.01138', '-0.99994', '-0.00013', '0.99994',
    '-0.01138', '-0.00014', '0.00013', '-0.00013', '1.00000']
  '005.2667': ['2.732', '1.227', '0.080', '-0.01375', '-0.99991', '-0.00012', '0.99991',
    '-0.01375', '-0.00012', '0.00012', '-0.00012', '1.00000']
  '005.3333': ['2.732', '1.236', '0.080', '-0.01739', '-0.99985', '-0.00012', '0.99985',
    '-0.01739', '-0.00011', '0.00010', '-0.00012', '1.00000']
  '005.4000': ['2.732', '1.246', '0.080', '-0.02113', '-0.99978', '-0.00012', '0.99978',
    '-0.02113', '-0.00008', '0.00008', '-0.00012', '1.00000']
  '005.4667': ['2.732', '1.256', '0.080', '-0.02352', '-0.99972', '-0.00009', '0.99972',
    '-0.02352', '-0.00006', '0.00006', '-0.00010', '1.00000']
  '005.5333': ['2.732', '1.266', '0.080', '-0.02549', '-0.99968', '-0.00008', '0.99968',
    '-0.02549', '-0.00002', '0.00002', '-0.00008', '1.00000']
  '005.6000': ['2.731', '1.276', '0.080', '-0.02950', '-0.99956', '-0.00009', '0.99956',
    '-0.02950', '-0.00000', '0.00000', '-0.00009', '1.00000']
  '005.6667': ['2.731', '1.286', '0.080', '-0.03407', '-0.99942', '-0.00008', '0.99942',
    '-0.03407', '0.00000', '-0.00000', '-0.00008', '1.00000']
  '005.7333': ['2.731', '1.297', '0.080', '-0.03897', '-0.99924', '-0.00007', '0.99924',
    '-0.03897', '0.00001', '-0.00001', '-0.00007', '1.00000']
  '005.8000': ['2.731', '1.306', '0.080', '-0.03386', '-0.99943', '-0.00008', '0.99943',
    '-0.03386', '0.00001', '-0.00002', '-0.00008', '1.00000']
  '005.8667': ['2.730', '1.316', '0.080', '-0.02938', '-0.99957', '-0.00007', '0.99957',
    '-0.02938', '0.00001', '-0.00001', '-0.00007', '1.00000']
  '005.9333': ['2.730', '1.326', '0.080', '-0.02560', '-0.99967', '-0.00008', '0.99967',
    '-0.02560', '0.00002', '-0.00002', '-0.00008', '1.00000']
  '006.0000': ['2.730', '1.337', '0.080', '-0.02233', '-0.99975', '-0.00008', '0.99975',
    '-0.02233', '0.00002', '-0.00002', '-0.00008', '1.00000']
  '006.0667': ['2.730', '1.348', '0.080', '-0.01955', '-0.99981', '-0.00009', '0.99981',
    '-0.01955', '0.00002', '-0.00002', '-0.00009', '1.00000']
  '006.1333': ['2.729', '1.360', '0.080', '-0.01691', '-0.99986', '-0.00009', '0.99986',
    '-0.01691', '0.00001', '-0.00001', '-0.00009', '1.00000']
  '006.2000': ['2.729', '1.371', '0.080', '-0.01465', '-0.99989', '-0.00009', '0.99989',
    '-0.01465', '0.00000', '-0.00001', '-0.00009', '1.00000']
  '006.2667': ['2.730', '1.381', '0.080', '-0.01333', '-0.99991', '-0.00010', '0.99991',
    '-0.01333', '-0.00001', '0.00001', '-0.00010', '1.00000']
  '006.3333': ['2.732', '1.388', '0.080', '-0.01385', '-0.99990', '-0.00011', '0.99990',
    '-0.01385', '-0.00017', '0.00017', '-0.00011', '1.00000']
  '006.4000': ['2.731', '1.399', '0.080', '-0.01295', '-0.99992', '-0.00009', '0.99992',
    '-0.01295', '-0.00017', '0.00016', '-0.00010', '1.00000']
  '006.4667': ['2.731', '1.411', '0.080', '-0.01082', '-0.99994', '-0.00009', '0.99994',
    '-0.01082', '-0.00015', '0.00015', '-0.00009', '1.00000']
  '006.5333': ['2.730', '1.422', '0.080', '-0.00705', '-0.99998', '-0.00008', '0.99998',
    '-0.00705', '-0.00014', '0.00014', '-0.00008', '1.00000']
  '006.6000': ['2.729', '1.434', '0.080', '-0.00156', '-1.00000', '-0.00008', '1.00000',
    '-0.00156', '-0.00013', '0.00013', '-0.00008', '1.00000']
  '006.6667': ['2.729', '1.446', '0.080', '0.00494', '-0.99999', '-0.00007', '0.99999',
    '0.00494', '-0.00012', '0.00012', '-0.00007', '1.00000']
  '006.7333': ['2.729', '1.456', '0.080', '0.01181', '-0.99993', '-0.00007', '0.99993',
    '0.01181', '-0.00010', '0.00010', '-0.00007', '1.00000']
  '006.8000': ['2.729', '1.468', '0.080', '0.01968', '-0.99981', '-0.00006', '0.99981',
    '0.01968', '-0.00010', '0.00010', '-0.00006', '1.00000']
  '006.8667': ['2.728', '1.478', '0.080', '0.02841', '-0.99960', '-0.00006', '0.99960',
    '0.02841', '-0.00010', '0.00010', '-0.00006', '1.00000']
  '006.9333': ['2.729', '1.487', '0.080', '0.03733', '-0.99930', '-0.00006', '0.99930',
    '0.03733', '-0.00008', '0.00008', '-0.00006', '1.00000']
  '007.0000': ['2.729', '1.497', '0.080', '0.04684', '-0.99890', '-0.00006', '0.99890',
    '0.04684', '-0.00008', '0.00008', '-0.00006', '1.00000']
  '007.0667': ['2.729', '1.507', '0.080', '0.05627', '-0.99842', '-0.00007', '0.99842',
    '0.05627', '-0.00007', '0.00007', '-0.00007', '1.00000']
  '007.1333': ['2.730', '1.517', '0.080', '0.06534', '-0.99786', '-0.00009', '0.99786',
    '0.06534', '-0.00006', '0.00006', '-0.00009', '1.00000']
  '007.2000': ['2.732', '1.526', '0.080', '0.07438', '-0.99723', '-0.00010', '0.99723',
    '0.07438', '-0.00005', '0.00006', '-0.00009', '1.00000']
  '007.2667': ['2.732', '1.536', '0.080', '0.08440', '-0.99643', '-0.00011', '0.99643',
    '0.08440', '-0.00004', '0.00005', '-0.00011', '1.00000']
  '007.3333': ['2.733', '1.548', '0.080', '0.08889', '-0.99604', '-0.00010', '0.99604',
    '0.08889', '-0.00005', '0.00005', '-0.00010', '1.00000']
  '007.4000': ['2.734', '1.558', '0.080', '0.09172', '-0.99578', '-0.00012', '0.99578',
    '0.09172', '-0.00005', '0.00006', '-0.00012', '1.00000']
  '007.4667': ['2.734', '1.568', '0.080', '0.09618', '-0.99536', '-0.00012', '0.99536',
    '0.09618', '-0.00006', '0.00007', '-0.00011', '1.00000']
  '007.5333': ['2.736', '1.576', '0.080', '0.10075', '-0.99491', '-0.00014', '0.99491',
    '0.10075', '-0.00004', '0.00006', '-0.00013', '1.00000']
  '007.6000': ['2.737', '1.587', '0.080', '0.10627', '-0.99434', '-0.00012', '0.99434',
    '0.10627', '-0.00003', '0.00005', '-0.00011', '1.00000']
  '007.6667': ['2.741', '1.593', '0.080', '0.11045', '-0.99388', '-0.00001', '0.99388',
    '0.11045', '0.00001', '-0.00001', '-0.00001', '1.00000']
  '007.7333': ['2.743', '1.603', '0.080', '0.11495', '-0.99337', '-0.00000', '0.99337',
    '0.11495', '0.00001', '-0.00001', '-0.00000', '1.00000']
  '007.8000': ['2.744', '1.614', '0.080', '0.11251', '-0.99365', '0.00002', '0.99365',
    '0.11251', '0.00002', '-0.00002', '0.00002', '1.00000']
  '007.8667': ['2.745', '1.626', '0.080', '0.10606', '-0.99436', '0.00004', '0.99436',
    '0.10606', '0.00002', '-0.00003', '0.00004', '1.00000']
  '007.9333': ['2.747', '1.636', '0.080', '0.10183', '-0.99480', '0.00005', '0.99480',
    '0.10183', '0.00004', '-0.00005', '0.00005', '1.00000']
  '008.0000': ['2.748', '1.647', '0.080', '0.10072', '-0.99492', '0.00005', '0.99492',
    '0.10072', '0.00005', '-0.00006', '0.00004', '1.00000']
  '008.0667': ['2.749', '1.658', '0.080', '0.10033', '-0.99495', '0.00005', '0.99495',
    '0.10033', '0.00006', '-0.00006', '0.00004', '1.00000']
  '008.1333': ['2.750', '1.668', '0.080', '0.10038', '-0.99495', '0.00004', '0.99495',
    '0.10038', '0.00006', '-0.00006', '0.00003', '1.00000']
  '008.2000': ['2.751', '1.677', '0.080', '0.10103', '-0.99488', '0.00004', '0.99488',
    '0.10103', '0.00007', '-0.00008', '0.00004', '1.00000']
  '008.2667': ['2.752', '1.688', '0.080', '0.10201', '-0.99478', '0.00004', '0.99478',
    '0.10201', '0.00008', '-0.00009', '0.00003', '1.00000']
  '008.3333': ['2.752', '1.699', '0.080', '0.10329', '-0.99465', '0.00004', '0.99465',
    '0.10329', '0.00009', '-0.00009', '0.00003', '1.00000']
  '008.4000': ['2.754', '1.708', '0.080', '0.10431', '-0.99454', '0.00005', '0.99454',
    '0.10431', '0.00011', '-0.00011', '0.00004', '1.00000']
  '008.4667': ['2.755', '1.719', '0.080', '0.10536', '-0.99443', '0.00006', '0.99443',
    '0.10536', '0.00012', '-0.00012', '0.00005', '1.00000']
  '008.5333': ['2.757', '1.727', '0.080', '0.10599', '-0.99437', '0.00010', '0.99437',
    '0.10599', '0.00010', '-0.00011', '0.00009', '1.00000']
  '008.6000': ['2.761', '1.732', '0.080', '0.10522', '-0.99445', '0.00027', '0.99445',
    '0.10522', '0.00003', '-0.00005', '0.00027', '1.00000']
  '008.6667': ['2.763', '1.742', '0.080', '0.10520', '-0.99445', '0.00028', '0.99445',
    '0.10520', '0.00004', '-0.00007', '0.00028', '1.00000']
  '008.7333': ['2.764', '1.752', '0.080', '0.10752', '-0.99420', '0.00030', '0.99420',
    '0.10752', '0.00005', '-0.00008', '0.00029', '1.00000']
  '008.8000': ['2.765', '1.762', '0.080', '0.10228', '-0.99476', '0.00026', '0.99476',
    '0.10228', '0.00004', '-0.00006', '0.00026', '1.00000']
  '008.8667': ['2.766', '1.772', '0.080', '0.09676', '-0.99531', '0.00025', '0.99531',
    '0.09676', '0.00002', '-0.00005', '0.00024', '1.00000']
  '008.9333': ['2.767', '1.780', '0.080', '0.09228', '-0.99573', '0.00023', '0.99573',
    '0.09228', '0.00002', '-0.00004', '0.00023', '1.00000']
  '009.0000': ['2.768', '1.790', '0.080', '0.08814', '-0.99611', '0.00023', '0.99611',
    '0.08814', '0.00001', '-0.00003', '0.00023', '1.00000']
  '009.0667': ['2.769', '1.800', '0.080', '0.08934', '-0.99600', '0.00024', '0.99600',
    '0.08934', '0.00002', '-0.00004', '0.00023', '1.00000']
  '009.1333': ['2.770', '1.810', '0.080', '0.09133', '-0.99582', '0.00024', '0.99582',
    '0.09133', '0.00001', '-0.00003', '0.00024', '1.00000']
  '009.2000': ['2.771', '1.819', '0.080', '0.08723', '-0.99619', '0.00025', '0.99619',
    '0.08723', '-0.00000', '-0.00002', '0.00025', '1.00000']
  '009.2667': ['2.772', '1.829', '0.080', '0.08241', '-0.99660', '0.00025', '0.99660',
    '0.08241', '0.00001', '-0.00003', '0.00025', '1.00000']
  '009.3333': ['2.773', '1.840', '0.080', '0.07689', '-0.99704', '0.00026', '0.99704',
    '0.07689', '0.00002', '-0.00004', '0.00025', '1.00000']
  '009.4000': ['2.774', '1.850', '0.080', '0.07099', '-0.99748', '0.00025', '0.99748',
    '0.07099', '0.00002', '-0.00004', '0.00025', '1.00000']
  '009.4667': ['2.775', '1.862', '0.080', '0.06467', '-0.99791', '0.00027', '0.99791',
    '0.06467', '0.00002', '-0.00004', '0.00027', '1.00000']
  '009.5333': ['2.777', '1.874', '0.080', '0.06348', '-0.99798', '0.00028', '0.99798',
    '0.06348', '0.00004', '-0.00005', '0.00027', '1.00000']
  '009.6000': ['2.777', '1.884', '0.080', '0.06965', '-0.99757', '0.00027', '0.99757',
    '0.06965', '0.00004', '-0.00005', '0.00027', '1.00000']
  '009.6667': ['2.778', '1.895', '0.080', '0.07131', '-0.99745', '0.00028', '0.99745',
    '0.07131', '0.00004', '-0.00006', '0.00027', '1.00000']
  '009.7333': ['2.780', '1.906', '0.080', '0.06913', '-0.99761', '0.00027', '0.99761',
    '0.06913', '0.00005', '-0.00007', '0.00026', '1.00000']
  '009.8000': ['2.781', '1.916', '0.080', '0.06843', '-0.99766', '0.00027', '0.99766',
    '0.06843', '0.00006', '-0.00007', '0.00027', '1.00000']
  '009.8667': ['2.782', '1.927', '0.080', '0.07019', '-0.99753', '0.00027', '0.99753',
    '0.07019', '0.00007', '-0.00008', '0.00027', '1.00000']
  '009.9333': ['2.783', '1.938', '0.080', '0.06487', '-0.99789', '0.00027', '0.99789',
    '0.06487', '0.00006', '-0.00008', '0.00027', '1.00000']
  '010.0000': ['2.784', '1.950', '0.080', '0.05692', '-0.99838', '0.00027', '0.99838',
    '0.05692', '0.00006', '-0.00008', '0.00026', '1.00000']
  '010.0667': ['2.785', '1.961', '0.080', '0.04913', '-0.99879', '0.00026', '0.99879',
    '0.04913', '0.00007', '-0.00008', '0.00025', '1.00000']
  '010.1333': ['2.786', '1.971', '0.080', '0.04131', '-0.99915', '0.00025', '0.99915',
    '0.04131', '0.00006', '-0.00007', '0.00025', '1.00000']
  '010.2000': ['2.786', '1.982', '0.080', '0.03366', '-0.99943', '0.00024', '0.99943',
    '0.03366', '0.00006', '-0.00007', '0.00023', '1.00000']
  '010.2667': ['2.787', '1.994', '0.080', '0.02606', '-0.99966', '0.00023', '0.99966',
    '0.02606', '0.00005', '-0.00006', '0.00023', '1.00000']
  '010.3333': ['2.788', '2.006', '0.080', '0.01789', '-0.99984', '0.00023', '0.99984',
    '0.01789', '0.00005', '-0.00005', '0.00023', '1.00000']
  '010.4000': ['2.788', '2.017', '0.080', '0.00960', '-0.99995', '0.00023', '0.99995',
    '0.00960', '0.00005', '-0.00005', '0.00023', '1.00000']
  '010.4667': ['2.789', '2.030', '0.080', '0.00085', '-1.00000', '0.00023', '1.00000',
    '0.00085', '0.00005', '-0.00005', '0.00023', '1.00000']
  '010.5333': ['2.788', '2.041', '0.080', '-0.00721', '-0.99997', '0.00024', '0.99997',
    '-0.00721', '0.00006', '-0.00006', '0.00024', '1.00000']
  '010.6000': ['2.789', '2.054', '0.080', '-0.00421', '-0.99999', '0.00023', '0.99999',
    '-0.00421', '0.00007', '-0.00007', '0.00023', '1.00000']
  '010.6667': ['2.790', '2.067', '0.080', '-0.01777', '-0.99984', '0.00022', '0.99984',
    '-0.01777', '0.00007', '-0.00007', '0.00022', '1.00000']
  '010.7333': ['2.791', '2.078', '0.080', '-0.03533', '-0.99938', '0.00022', '0.99938',
    '-0.03533', '0.00008', '-0.00007', '0.00023', '1.00000']
  '010.8000': ['2.792', '2.089', '0.080', '-0.05375', '-0.99855', '0.00022', '0.99855',
    '-0.05375', '0.00008', '-0.00007', '0.00023', '1.00000']
  '010.8667': ['2.791', '2.099', '0.080', '-0.06154', '-0.99810', '0.00022', '0.99810',
    '-0.06154', '0.00008', '-0.00007', '0.00023', '1.00000']
  '010.9333': ['2.792', '2.111', '0.080', '-0.06045', '-0.99817', '0.00022', '0.99817',
    '-0.06045', '0.00008', '-0.00006', '0.00022', '1.00000']
  '011.0000': ['2.791', '2.124', '0.080', '-0.06716', '-0.99774', '0.00022', '0.99774',
    '-0.06716', '0.00009', '-0.00007', '0.00022', '1.00000']
  '011.0667': ['2.791', '2.134', '0.080', '-0.06725', '-0.99774', '0.00022', '0.99774',
    '-0.06725', '0.00008', '-0.00007', '0.00022', '1.00000']
  '011.1333': ['2.791', '2.144', '0.080', '-0.07991', '-0.99680', '0.00021', '0.99680',
    '-0.07991', '0.00009', '-0.00008', '0.00022', '1.00000']
  '011.2000': ['2.791', '2.157', '0.080', '-0.09401', '-0.99557', '0.00018', '0.99557',
    '-0.09401', '0.00010', '-0.00008', '0.00019', '1.00000']
  '011.2667': ['2.790', '2.167', '0.080', '-0.10569', '-0.99440', '0.00018', '0.99440',
    '-0.10569', '0.00011', '-0.00009', '0.00019', '1.00000']
  '011.3333': ['2.790', '2.179', '0.080', '-0.10283', '-0.99470', '0.00016', '0.99470',
    '-0.10283', '0.00012', '-0.00010', '0.00017', '1.00000']
  '011.4000': ['2.789', '2.191', '0.080', '-0.10140', '-0.99485', '0.00014', '0.99485',
    '-0.10140', '0.00012', '-0.00010', '0.00015', '1.00000']
  '011.4667': ['2.789', '2.204', '0.080', '-0.10136', '-0.99485', '0.00012', '0.99485',
    '-0.10136', '0.00011', '-0.00010', '0.00013', '1.00000']
  '011.5333': ['2.788', '2.215', '0.080', '-0.08951', '-0.99599', '0.00012', '0.99599',
    '-0.08951', '0.00012', '-0.00011', '0.00013', '1.00000']
  '011.6000': ['2.788', '2.225', '0.080', '-0.08758', '-0.99616', '0.00013', '0.99616',
    '-0.08758', '0.00013', '-0.00012', '0.00014', '1.00000']
  '011.6667': ['2.788', '2.235', '0.080', '-0.08585', '-0.99631', '0.00013', '0.99631',
    '-0.08585', '0.00015', '-0.00014', '0.00015', '1.00000']
  '011.7333': ['2.787', '2.246', '0.080', '-0.07706', '-0.99703', '0.00014', '0.99703',
    '-0.07706', '0.00017', '-0.00016', '0.00015', '1.00000']
  '011.8000': ['2.786', '2.258', '0.080', '-0.06795', '-0.99769', '0.00014', '0.99769',
    '-0.06795', '0.00017', '-0.00016', '0.00015', '1.00000']
  '011.8667': ['2.785', '2.271', '0.080', '-0.05872', '-0.99827', '0.00013', '0.99827',
    '-0.05872', '0.00017', '-0.00016', '0.00014', '1.00000']
  '011.9333': ['2.786', '2.287', '0.080', '-0.05006', '-0.99875', '0.00025', '0.99875',
    '-0.05006', '0.00008', '-0.00007', '0.00026', '1.00000']
  '012.0000': ['2.787', '2.300', '0.080', '-0.03921', '-0.99923', '0.00026', '0.99923',
    '-0.03921', '0.00010', '-0.00009', '0.00026', '1.00000']
  '012.0667': ['2.787', '2.311', '0.080', '-0.03355', '-0.99944', '0.00025', '0.99944',
    '-0.03355', '0.00011', '-0.00010', '0.00025', '1.00000']
  '012.1333': ['2.787', '2.322', '0.080', '-0.02631', '-0.99965', '0.00025', '0.99965',
    '-0.02631', '0.00011', '-0.00011', '0.00025', '1.00000']
  '012.2000': ['2.787', '2.332', '0.080', '-0.01863', '-0.99983', '0.00024', '0.99983',
    '-0.01863', '0.00010', '-0.00010', '0.00024', '1.00000']
  '012.2667': ['2.787', '2.344', '0.080', '-0.01128', '-0.99994', '0.00023', '0.99994',
    '-0.01128', '0.00011', '-0.00011', '0.00023', '1.00000']
  '012.3333': ['2.788', '2.354', '0.080', '-0.00475', '-0.99999', '0.00022', '0.99999',
    '-0.00475', '0.00012', '-0.00012', '0.00022', '1.00000']
  '012.4000': ['2.787', '2.364', '0.080', '0.00132', '-1.00000', '0.00021', '1.00000',
    '0.00132', '0.00012', '-0.00012', '0.00021', '1.00000']
  '012.4667': ['2.787', '2.375', '0.080', '0.00701', '-0.99998', '0.00021', '0.99998',
    '0.00701', '0.00012', '-0.00012', '0.00021', '1.00000']
  '012.5333': ['2.787', '2.386', '0.080', '0.01236', '-0.99992', '0.00019', '0.99992',
    '0.01236', '0.00013', '-0.00013', '0.00019', '1.00000']
  '012.6000': ['2.787', '2.396', '0.080', '0.01051', '-0.99994', '0.00019', '0.99994',
    '0.01051', '0.00014', '-0.00014', '0.00019', '1.00000']
  '012.6667': ['2.787', '2.407', '0.080', '0.00776', '-0.99997', '0.00019', '0.99997',
    '0.00776', '0.00016', '-0.00016', '0.00019', '1.00000']
  '012.7333': ['2.784', '2.417', '0.080', '0.00507', '-0.99999', '0.00018', '0.99999',
    '0.00507', '0.00015', '-0.00015', '0.00018', '1.00000']
  '012.8000': ['2.776', '2.424', '0.080', '0.00579', '-0.99998', '0.00025', '0.99998',
    '0.00579', '0.00003', '-0.00003', '0.00025', '1.00000']
  '012.8667': ['2.774', '2.433', '0.080', '0.00796', '-0.99997', '0.00026', '0.99997',
    '0.00796', '0.00003', '-0.00004', '0.00026', '1.00000']
  '012.9333': ['2.773', '2.444', '0.080', '0.01011', '-0.99995', '0.00027', '0.99995',
    '0.01011', '0.00003', '-0.00004', '0.00027', '1.00000']
  '013.0000': ['2.773', '2.455', '0.080', '0.01251', '-0.99992', '0.00028', '0.99992',
    '0.01251', '0.00005', '-0.00006', '0.00028', '1.00000']
  '013.0667': ['2.773', '2.467', '0.080', '0.01544', '-0.99988', '0.00028', '0.99988',
    '0.01544', '0.00007', '-0.00007', '0.00028', '1.00000']
  '013.1333': ['2.773', '2.480', '0.080', '0.01916', '-0.99982', '0.00028', '0.99982',
    '0.01916', '0.00007', '-0.00008', '0.00028', '1.00000']
  '013.2000': ['2.773', '2.492', '0.080', '0.02365', '-0.99972', '0.00029', '0.99972',
    '0.02365', '0.00008', '-0.00009', '0.00029', '1.00000']
  '013.2667': ['2.773', '2.502', '0.080', '0.02852', '-0.99959', '0.00031', '0.99959',
    '0.02852', '0.00009', '-0.00010', '0.00031', '1.00000']
  '013.3333': ['2.773', '2.514', '0.080', '0.03370', '-0.99943', '0.00031', '0.99943',
    '0.03370', '0.00010', '-0.00011', '0.00031', '1.00000']
  '013.4000': ['2.774', '2.524', '0.080', '0.03929', '-0.99923', '0.00032', '0.99923',
    '0.03929', '0.00010', '-0.00011', '0.00031', '1.00000']
  '013.4667': ['2.774', '2.534', '0.080', '0.04768', '-0.99886', '0.00031', '0.99886',
    '0.04768', '0.00010', '-0.00012', '0.00031', '1.00000']
  '013.5333': ['2.774', '2.544', '0.080', '0.05304', '-0.99859', '0.00032', '0.99859',
    '0.05304', '0.00012', '-0.00013', '0.00031', '1.00000']
  '013.6000': ['2.775', '2.556', '0.080', '0.05315', '-0.99859', '0.00032', '0.99859',
    '0.05315', '0.00013', '-0.00015', '0.00031', '1.00000']
  '013.6667': ['2.775', '2.570', '0.080', '0.05390', '-0.99855', '0.00032', '0.99855',
    '0.05390', '0.00014', '-0.00016', '0.00031', '1.00000']
  '013.7333': ['2.775', '2.581', '0.080', '0.05389', '-0.99855', '0.00033', '0.99855',
    '0.05389', '0.00014', '-0.00016', '0.00032', '1.00000']
  '013.8000': ['2.775', '2.590', '0.080', '0.05758', '-0.99834', '0.00032', '0.99834',
    '0.05758', '0.00016', '-0.00017', '0.00031', '1.00000']
  '013.8667': ['2.775', '2.599', '0.080', '0.06036', '-0.99818', '0.00033', '0.99818',
    '0.06036', '0.00016', '-0.00018', '0.00032', '1.00000']
  '013.9333': ['2.775', '2.611', '0.080', '0.05794', '-0.99832', '0.00033', '0.99832',
    '0.05794', '0.00016', '-0.00018', '0.00032', '1.00000']
  '014.0000': ['2.776', '2.622', '0.080', '0.05585', '-0.99844', '0.00031', '0.99844',
    '0.05585', '0.00016', '-0.00018', '0.00030', '1.00000']
  '014.0667': ['2.776', '2.635', '0.080', '0.05402', '-0.99854', '0.00031', '0.99854',
    '0.05402', '0.00017', '-0.00018', '0.00030', '1.00000']
  '014.1333': ['2.777', '2.646', '0.080', '0.05218', '-0.99864', '0.00033', '0.99864',
    '0.05218', '0.00018', '-0.00020', '0.00032', '1.00000']
  '014.2000': ['2.777', '2.658', '0.080', '0.05048', '-0.99873', '0.00033', '0.99873',
    '0.05048', '0.00019', '-0.00021', '0.00032', '1.00000']
  '014.2667': ['2.777', '2.670', '0.080', '0.04909', '-0.99879', '0.00033', '0.99879',
    '0.04909', '0.00020', '-0.00022', '0.00032', '1.00000']
  '014.3333': ['2.777', '2.681', '0.080', '0.04837', '-0.99883', '0.00035', '0.99883',
    '0.04837', '0.00021', '-0.00023', '0.00034', '1.00000']
  '014.4000': ['2.778', '2.691', '0.080', '0.04812', '-0.99884', '0.00035', '0.99884',
    '0.04812', '0.00021', '-0.00023', '0.00034', '1.00000']
  '014.4667': ['2.778', '2.703', '0.080', '0.04860', '-0.99882', '0.00033', '0.99882',
    '0.04860', '0.00023', '-0.00025', '0.00032', '1.00000']
  '014.5333': ['2.778', '2.714', '0.080', '0.04932', '-0.99878', '0.00035', '0.99878',
    '0.04932', '0.00024', '-0.00025', '0.00034', '1.00000']
  '014.6000': ['2.779', '2.726', '0.080', '0.05015', '-0.99874', '0.00036', '0.99874',
    '0.05015', '0.00024', '-0.00026', '0.00035', '1.00000']
  '014.6667': ['2.779', '2.736', '0.080', '0.05118', '-0.99869', '0.00035', '0.99869',
    '0.05118', '0.00024', '-0.00026', '0.00034', '1.00000']
  '014.7333': ['2.779', '2.747', '0.080', '0.05230', '-0.99863', '0.00035', '0.99863',
    '0.05230', '0.00025', '-0.00027', '0.00034', '1.00000']
  '014.8000': ['2.779', '2.757', '0.080', '0.05317', '-0.99859', '0.00034', '0.99859',
    '0.05317', '0.00028', '-0.00030', '0.00033', '1.00000']
  '014.8667': ['2.780', '2.768', '0.080', '0.05352', '-0.99857', '0.00034', '0.99857',
    '0.05352', '0.00030', '-0.00032', '0.00033', '1.00000']
  '014.9333': ['2.781', '2.779', '0.080', '0.05293', '-0.99860', '0.00035', '0.99860',
    '0.05293', '0.00032', '-0.00033', '0.00033', '1.00000']
  '015.0000': ['2.782', '2.789', '0.080', '0.05281', '-0.99860', '0.00034', '0.99860',
    '0.05281', '0.00031', '-0.00033', '0.00033', '1.00000']
  '015.0667': ['2.782', '2.791', '0.080', '0.05878', '-0.99827', '0.00027', '0.99827',
    '0.05878', '0.00026', '-0.00028', '0.00025', '1.00000']
  '015.1333': ['2.781', '2.801', '0.080', '0.06193', '-0.99808', '0.00026', '0.99808',
    '0.06193', '0.00026', '-0.00027', '0.00025', '1.00000']
  '015.2000': ['2.780', '2.811', '0.080', '0.06059', '-0.99816', '0.00026', '0.99816',
    '0.06059', '0.00025', '-0.00027', '0.00024', '1.00000']
  '015.2667': ['2.781', '2.823', '0.080', '0.06013', '-0.99819', '0.00026', '0.99819',
    '0.06013', '0.00025', '-0.00026', '0.00025', '1.00000']
  '015.3333': ['2.781', '2.833', '0.080', '0.06034', '-0.99818', '0.00026', '0.99818',
    '0.06034', '0.00023', '-0.00025', '0.00024', '1.00000']
  '015.4000': ['2.781', '2.844', '0.080', '0.06219', '-0.99806', '0.00025', '0.99806',
    '0.06219', '0.00022', '-0.00023', '0.00024', '1.00000']
  '015.4667': ['2.781', '2.856', '0.080', '0.06582', '-0.99783', '0.00026', '0.99783',
    '0.06582', '0.00021', '-0.00023', '0.00025', '1.00000']
  '015.5333': ['2.783', '2.870', '0.080', '0.06699', '-0.99775', '0.00027', '0.99775',
    '0.06699', '0.00023', '-0.00025', '0.00026', '1.00000']
  '015.6000': ['2.784', '2.883', '0.080', '0.06594', '-0.99782', '0.00028', '0.99782',
    '0.06594', '0.00024', '-0.00026', '0.00026', '1.00000']
  '015.6667': ['2.785', '2.896', '0.080', '0.06616', '-0.99781', '0.00027', '0.99781',
    '0.06616', '0.00024', '-0.00026', '0.00025', '1.00000']
  '015.7333': ['2.786', '2.906', '0.080', '0.06490', '-0.99789', '0.00028', '0.99789',
    '0.06490', '0.00027', '-0.00028', '0.00027', '1.00000']
  '015.8000': ['2.787', '2.918', '0.080', '0.05612', '-0.99842', '0.00028', '0.99842',
    '0.05612', '0.00027', '-0.00029', '0.00026', '1.00000']
  '015.8667': ['2.788', '2.927', '0.080', '0.04270', '-0.99909', '0.00027', '0.99909',
    '0.04270', '0.00025', '-0.00026', '0.00026', '1.00000']
  '015.9333': ['2.787', '2.935', '0.080', '0.02723', '-0.99963', '0.00027', '0.99963',
    '0.02723', '0.00025', '-0.00026', '0.00027', '1.00000']
  '016.0000': ['2.788', '2.945', '0.080', '0.00839', '-0.99996', '0.00027', '0.99996',
    '0.00839', '0.00025', '-0.00026', '0.00027', '1.00000']
  '016.0667': ['2.789', '2.954', '0.080', '-0.00297', '-1.00000', '0.00027', '1.00000',
    '-0.00297', '0.00025', '-0.00025', '0.00027', '1.00000']
  '016.1333': ['2.788', '2.965', '0.080', '-0.01435', '-0.99990', '0.00026', '0.99990',
    '-0.01435', '0.00028', '-0.00027', '0.00026', '1.00000']
  '016.2000': ['2.788', '2.975', '0.080', '-0.02559', '-0.99967', '0.00024', '0.99967',
    '-0.02559', '0.00030', '-0.00029', '0.00025', '1.00000']
  '016.2667': ['2.788', '2.985', '0.080', '-0.04723', '-0.99888', '0.00026', '0.99888',
    '-0.04723', '0.00033', '-0.00031', '0.00028', '1.00000']
  '016.3333': ['2.786', '2.996', '0.080', '-0.08031', '-0.99677', '0.00027', '0.99677',
    '-0.08030', '0.00035', '-0.00032', '0.00030', '1.00000']
  '016.4000': ['2.787', '3.008', '0.080', '-0.10485', '-0.99449', '0.00025', '0.99449',
    '-0.10485', '0.00037', '-0.00034', '0.00029', '1.00000']
  '016.4667': ['2.785', '3.019', '0.080', '-0.12815', '-0.99175', '0.00025', '0.99175',
    '-0.12815', '0.00044', '-0.00041', '0.00030', '1.00000']
  '016.5333': ['2.783', '3.029', '0.080', '-0.15170', '-0.98843', '0.00024', '0.98843',
    '-0.15170', '0.00046', '-0.00042', '0.00030', '1.00000']
  '016.6000': ['2.781', '3.040', '0.080', '-0.16618', '-0.98610', '0.00025', '0.98610',
    '-0.16618', '0.00050', '-0.00045', '0.00033', '1.00000']
  '016.6667': ['2.780', '3.052', '0.080', '-0.11014', '-0.99392', '0.00028', '0.99392',
    '-0.11014', '0.00053', '-0.00050', '0.00034', '1.00000']
  '016.7333': ['2.778', '3.064', '0.080', '-0.16111', '-0.98694', '0.00028', '0.98694',
    '-0.16111', '0.00057', '-0.00052', '0.00037', '1.00000']
  '016.8000': ['2.775', '3.075', '0.080', '-0.21404', '-0.97682', '0.00027', '0.97682',
    '-0.21404', '0.00060', '-0.00053', '0.00039', '1.00000']
  '016.8667': ['2.774', '3.086', '0.080', '-0.25862', '-0.96598', '0.00025', '0.96598',
    '-0.25862', '0.00061', '-0.00052', '0.00040', '1.00000']
  '016.9333': ['2.771', '3.098', '0.080', '-0.30329', '-0.95290', '0.00025', '0.95290',
    '-0.30329', '0.00060', '-0.00050', '0.00042', '1.00000']
  '017.0000': ['2.769', '3.109', '0.080', '-0.34841', '-0.93734', '0.00023', '0.93734',
    '-0.34841', '0.00061', '-0.00049', '0.00043', '1.00000']
  '017.0667': ['2.766', '3.120', '0.080', '-0.39426', '-0.91900', '0.00021', '0.91900',
    '-0.39426', '0.00060', '-0.00047', '0.00043', '1.00000']
  '017.1333': ['2.760', '3.132', '0.080', '-0.43955', '-0.89822', '0.00021', '0.89822',
    '-0.43955', '0.00061', '-0.00045', '0.00045', '1.00000']
  '017.2000': ['2.752', '3.137', '0.080', '-0.48847', '-0.87258', '0.00041', '0.87258',
    '-0.48847', '0.00090', '-0.00058', '0.00080', '1.00000']
  '017.2667': ['2.748', '3.150', '0.080', '-0.54232', '-0.84017', '0.00018', '0.84017',
    '-0.54232', '0.00061', '-0.00041', '0.00048', '1.00000']
  '017.3333': ['2.743', '3.159', '0.080', '-0.59763', '-0.80177', '0.00016', '0.80177',
    '-0.59763', '0.00061', '-0.00040', '0.00049', '1.00000']
  '017.4000': ['2.736', '3.167', '0.080', '-0.65157', '-0.75859', '0.00023', '0.75859',
    '-0.65157', '0.00063', '-0.00033', '0.00059', '1.00000']
  '017.4667': ['2.728', '3.176', '0.080', '-0.69693', '-0.71714', '0.00022', '0.71714',
    '-0.69693', '0.00062', '-0.00029', '0.00059', '1.00000']
  '017.5333': ['2.721', '3.183', '0.080', '-0.70826', '-0.70595', '0.00020', '0.70595',
    '-0.70826', '0.00060', '-0.00028', '0.00057', '1.00000']
  '017.6000': ['2.713', '3.191', '0.080', '-0.72461', '-0.68916', '0.00022', '0.68916',
    '-0.72461', '0.00060', '-0.00026', '0.00059', '1.00000']
  '017.6666': ['2.702', '3.200', '0.080', '-0.74068', '-0.67186', '0.00021', '0.67186',
    '-0.74068', '0.00061', '-0.00025', '0.00059', '1.00000']
  '017.7333': ['2.693', '3.208', '0.080', '-0.75536', '-0.65531', '0.00020', '0.65531',
    '-0.75536', '0.00061', '-0.00025', '0.00059', '1.00000']
  '017.8000': ['2.683', '3.216', '0.080', '-0.77255', '-0.63495', '0.00018', '0.63495',
    '-0.77255', '0.00060', '-0.00024', '0.00058', '1.00000']
