begin_time_stamp: 1583092127.9333286
data_header:
  time_stamp: [x, y, z, R11, R12, R13, R21, R22, R23, R31, R32, R33]
trajectory_data:
  '000.0000': ['2.749', '0.708', '0.080', '0.00045', '-1.00000', '-0.00042', '1.00000',
    '0.00045', '-0.00010', '0.00010', '-0.00042', '1.00000']
  '000.0667': ['2.754', '0.722', '0.080', '0.01305', '-0.99991', '-0.00021', '0.99991',
    '0.01305', '0.00010', '-0.00010', '-0.00021', '1.00000']
  '000.1333': ['2.756', '0.726', '0.080', '0.02166', '-0.99977', '-0.00020', '0.99977',
    '0.02166', '0.00012', '-0.00011', '-0.00020', '1.00000']
  '000.2000': ['2.757', '0.727', '0.080', '0.02410', '-0.99971', '-0.00019', '0.99971',
    '0.02410', '0.00011', '-0.00010', '-0.00019', '1.00000']
  '000.2667': ['2.757', '0.724', '0.080', '0.02497', '-0.99969', '-0.00018', '0.99969',
    '0.02497', '0.00012', '-0.00011', '-0.00018', '1.00000']
  '000.3333': ['2.759', '0.716', '0.080', '0.00895', '-0.99996', '0.00001', '0.99996',
    '0.00895', '0.00010', '-0.00010', '0.00001', '1.00000']
  '000.4000': ['2.763', '0.717', '0.080', '-0.00847', '-0.99996', '0.00022', '0.99996',
    '-0.00847', '0.00019', '-0.00019', '0.00022', '1.00000']
  '000.4667': ['2.764', '0.716', '0.080', '-0.02609', '-0.99966', '0.00024', '0.99966',
    '-0.02609', '0.00020', '-0.00020', '0.00025', '1.00000']
  '000.5333': ['2.763', '0.714', '0.080', '-0.03578', '-0.99936', '0.00028', '0.99936',
    '-0.03578', '0.00021', '-0.00020', '0.00029', '1.00000']
  '000.6000': ['2.762', '0.704', '0.080', '-0.02935', '-0.99957', '0.00039', '0.99957',
    '-0.02935', '0.00015', '-0.00014', '0.00039', '1.00000']
  '000.6667': ['2.761', '0.702', '0.080', '-0.02327', '-0.99973', '0.00041', '0.99973',
    '-0.02327', '0.00014', '-0.00013', '0.00042', '1.00000']
  '000.7333': ['2.761', '0.700', '0.080', '-0.02925', '-0.99957', '0.00040', '0.99957',
    '-0.02925', '0.00014', '-0.00012', '0.00041', '1.00000']
  '000.8000': ['2.761', '0.694', '0.080', '-0.02638', '-0.99965', '0.00042', '0.99965',
    '-0.02638', '0.00008', '-0.00007', '0.00043', '1.00000']
  '000.8667': ['2.762', '0.696', '0.080', '-0.01208', '-0.99993', '0.00041', '0.99993',
    '-0.01208', '0.00008', '-0.00007', '0.00041', '1.00000']
  '000.9333': ['2.763', '0.707', '0.080', '0.00167', '-1.00000', '0.00033', '1.00000',
    '0.00167', '0.00014', '-0.00014', '0.00033', '1.00000']
  '001.0000': ['2.764', '0.718', '0.080', '0.01419', '-0.99990', '0.00024', '0.99990',
    '0.01419', '0.00020', '-0.00020', '0.00024', '1.00000']
  '001.0667': ['2.766', '0.728', '0.080', '0.00536', '-0.99999', '0.00016', '0.99999',
    '0.00536', '0.00027', '-0.00027', '0.00016', '1.00000']
  '001.1333': ['2.767', '0.739', '0.080', '-0.00804', '-0.99997', '0.00007', '0.99997',
    '-0.00804', '0.00033', '-0.00033', '0.00008', '1.00000']
  '001.2000': ['2.767', '0.740', '0.080', '-0.02331', '-0.99973', '0.00008', '0.99973',
    '-0.02331', '0.00034', '-0.00033', '0.00009', '1.00000']
  '001.2667': ['2.764', '0.733', '0.080', '-0.03028', '-0.99954', '0.00021', '0.99954',
    '-0.03028', '0.00029', '-0.00028', '0.00022', '1.00000']
  '001.3333': ['2.764', '0.729', '0.080', '-0.03660', '-0.99933', '0.00022', '0.99933',
    '-0.03660', '0.00028', '-0.00027', '0.00023', '1.00000']
  '001.4000': ['2.762', '0.719', '0.080', '-0.04168', '-0.99913', '0.00027', '0.99913',
    '-0.04168', '0.00021', '-0.00020', '0.00028', '1.00000']
  '001.4667': ['2.759', '0.715', '0.080', '-0.04508', '-0.99898', '0.00012', '0.99898',
    '-0.04508', '0.00013', '-0.00013', '0.00013', '1.00000']
  '001.5333': ['2.758', '0.715', '0.080', '-0.04935', '-0.99878', '0.00011', '0.99878',
    '-0.04935', '0.00012', '-0.00012', '0.00011', '1.00000']
  '001.6000': ['2.758', '0.718', '0.080', '-0.05525', '-0.99847', '0.00009', '0.99847',
    '-0.05525', '0.00010', '-0.00010', '0.00009', '1.00000']
  '001.6667': ['2.758', '0.725', '0.080', '-0.06284', '-0.99802', '0.00008', '0.99802',
    '-0.06284', '0.00012', '-0.00012', '0.00009', '1.00000']
  '001.7333': ['2.757', '0.736', '0.080', '-0.06292', '-0.99802', '0.00007', '0.99802',
    '-0.06292', '0.00012', '-0.00012', '0.00008', '1.00000']
  '001.8000': ['2.756', '0.748', '0.080', '-0.05485', '-0.99849', '0.00005', '0.99849',
    '-0.05485', '0.00013', '-0.00012', '0.00006', '1.00000']
  '001.8667': ['2.756', '0.762', '0.080', '-0.04866', '-0.99882', '0.00002', '0.99882',
    '-0.04866', '0.00009', '-0.00009', '0.00003', '1.00000']
  '001.9333': ['2.756', '0.777', '0.080', '-0.04341', '-0.99906', '0.00002', '0.99906',
    '-0.04341', '0.00005', '-0.00005', '0.00002', '1.00000']
  '002.0000': ['2.756', '0.790', '0.080', '-0.03869', '-0.99925', '0.00002', '0.99925',
    '-0.03869', '0.00001', '-0.00001', '0.00002', '1.00000']
  '002.0667': ['2.755', '0.804', '0.080', '-0.03344', '-0.99944', '0.00001', '0.99944',
    '-0.03344', '-0.00000', '0.00000', '0.00001', '1.00000']
  '002.1333': ['2.754', '0.815', '0.080', '-0.02621', '-0.99966', '0.00000', '0.99966',
    '-0.02621', '-0.00001', '0.00001', '0.00000', '1.00000']
  '002.2000': ['2.751', '0.820', '0.080', '-0.01574', '-0.99988', '0.00001', '0.99988',
    '-0.01574', '-0.00007', '0.00007', '0.00000', '1.00000']
  '002.2667': ['2.751', '0.830', '0.080', '-0.00753', '-0.99997', '0.00000', '0.99997',
    '-0.00753', '-0.00006', '0.00006', '0.00000', '1.00000']
  '002.3333': ['2.750', '0.841', '0.080', '0.00536', '-0.99999', '0.00002', '0.99999',
    '0.00536', '-0.00004', '0.00004', '0.00002', '1.00000']
  '002.4000': ['2.750', '0.853', '0.080', '0.01641', '-0.99987', '0.00002', '0.99987',
    '0.01641', '-0.00003', '0.00003', '0.00002', '1.00000']
  '002.4667': ['2.750', '0.866', '0.080', '0.02584', '-0.99967', '0.00001', '0.99967',
    '0.02584', '-0.00004', '0.00004', '0.00001', '1.00000']
  '002.5333': ['2.751', '0.878', '0.080', '0.03484', '-0.99939', '0.00000', '0.99939',
    '0.03484', '-0.00004', '0.00004', '0.00001', '1.00000']
  '002.6000': ['2.752', '0.892', '0.080', '0.04185', '-0.99912', '0.00000', '0.99912',
    '0.04185', '-0.00005', '0.00005', '0.00000', '1.00000']
  '002.6667': ['2.753', '0.905', '0.080', '0.04902', '-0.99880', '0.00000', '0.99880',
    '0.04902', '-0.00004', '0.00004', '0.00000', '1.00000']
  '002.7333': ['2.754', '0.919', '0.080', '0.05650', '-0.99840', '0.00001', '0.99840',
    '0.05650', '-0.00004', '0.00004', '0.00001', '1.00000']
  '002.8000': ['2.754', '0.933', '0.080', '0.06439', '-0.99793', '-0.00001', '0.99793',
    '0.06439', '-0.00005', '0.00005', '-0.00000', '1.00000']
  '002.8667': ['2.756', '0.945', '0.080', '0.06805', '-0.99768', '-0.00001', '0.99768',
    '0.06805', '-0.00003', '0.00004', '-0.00001', '1.00000']
  '002.9333': ['2.756', '0.959', '0.080', '0.07268', '-0.99736', '-0.00001', '0.99736',
    '0.07268', '-0.00005', '0.00005', '-0.00001', '1.00000']
  '003.0000': ['2.757', '0.972', '0.080', '0.07628', '-0.99709', '-0.00002', '0.99709',
    '0.07628', '-0.00007', '0.00007', '-0.00001', '1.00000']
  '003.0667': ['2.757', '0.986', '0.080', '0.07949', '-0.99684', '-0.00001', '0.99684',
    '0.07949', '-0.00006', '0.00006', '-0.00000', '1.00000']
  '003.1333': ['2.758', '1.002', '0.080', '0.08364', '-0.99650', '0.00001', '0.99650',
    '0.08364', '-0.00004', '0.00004', '0.00001', '1.00000']
  '003.2000': ['2.759', '1.017', '0.080', '0.08919', '-0.99601', '-0.00000', '0.99601',
    '0.08919', '-0.00003', '0.00003', '0.00000', '1.00000']
  '003.2667': ['2.760', '1.031', '0.080', '0.10392', '-0.99459', '0.00000', '0.99459',
    '0.10392', '-0.00002', '0.00002', '0.00000', '1.00000']
  '003.3333': ['2.761', '1.048', '0.080', '0.12549', '-0.99210', '0.00003', '0.99210',
    '0.12549', '-0.00003', '0.00003', '0.00003', '1.00000']
  '003.4000': ['2.763', '1.061', '0.080', '0.13206', '-0.99124', '0.00004', '0.99124',
    '0.13206', '-0.00003', '0.00002', '0.00005', '1.00000']
  '003.4667': ['2.764', '1.075', '0.080', '0.14033', '-0.99010', '0.00006', '0.99010',
    '0.14033', '-0.00003', '0.00002', '0.00006', '1.00000']
  '003.5333': ['2.765', '1.088', '0.080', '0.14950', '-0.98876', '0.00006', '0.98876',
    '0.14950', '-0.00002', '0.00001', '0.00006', '1.00000']
  '003.6000': ['2.768', '1.101', '0.080', '0.15357', '-0.98814', '0.00007', '0.98814',
    '0.15357', '0.00000', '-0.00001', '0.00007', '1.00000']
  '003.6667': ['2.770', '1.114', '0.080', '0.15187', '-0.98840', '0.00009', '0.98840',
    '0.15187', '0.00000', '-0.00001', '0.00008', '1.00000']
  '003.7333': ['2.772', '1.129', '0.080', '0.13970', '-0.99019', '0.00014', '0.99019',
    '0.13970', '-0.00001', '-0.00001', '0.00014', '1.00000']
  '003.8000': ['2.772', '1.143', '0.080', '0.12827', '-0.99174', '0.00010', '0.99174',
    '0.12827', '-0.00003', '0.00001', '0.00010', '1.00000']
  '003.8667': ['2.773', '1.157', '0.080', '0.11686', '-0.99315', '0.00011', '0.99315',
    '0.11686', '-0.00005', '0.00004', '0.00011', '1.00000']
  '003.9333': ['2.774', '1.168', '0.080', '0.10439', '-0.99454', '0.00011', '0.99454',
    '0.10439', '-0.00005', '0.00004', '0.00011', '1.00000']
  '004.0000': ['2.775', '1.179', '0.080', '0.09517', '-0.99546', '0.00009', '0.99546',
    '0.09517', '-0.00006', '0.00005', '0.00009', '1.00000']
  '004.0667': ['2.773', '1.190', '0.080', '0.08336', '-0.99652', '-0.00010', '0.99652',
    '0.08336', '-0.00015', '0.00016', '-0.00009', '1.00000']
  '004.1333': ['2.774', '1.203', '0.080', '0.06984', '-0.99756', '-0.00011', '0.99756',
    '0.06984', '-0.00014', '0.00015', '-0.00010', '1.00000']
  '004.2000': ['2.775', '1.216', '0.080', '0.05508', '-0.99848', '-0.00010', '0.99848',
    '0.05508', '-0.00012', '0.00012', '-0.00010', '1.00000']
  '004.2667': ['2.776', '1.232', '0.080', '0.04083', '-0.99917', '-0.00010', '0.99917',
    '0.04083', '-0.00003', '0.00003', '-0.00010', '1.00000']
  '004.3333': ['2.776', '1.246', '0.080', '0.02768', '-0.99962', '-0.00010', '0.99962',
    '0.02768', '-0.00002', '0.00003', '-0.00010', '1.00000']
  '004.4000': ['2.777', '1.259', '0.080', '0.01349', '-0.99991', '-0.00011', '0.99991',
    '0.01349', '0.00002', '-0.00001', '-0.00011', '1.00000']
  '004.4667': ['2.777', '1.272', '0.080', '-0.00070', '-1.00000', '-0.00010', '1.00000',
    '-0.00070', '0.00004', '-0.00004', '-0.00010', '1.00000']
  '004.5333': ['2.776', '1.286', '0.080', '-0.00853', '-0.99996', '-0.00010', '0.99996',
    '-0.00853', '0.00005', '-0.00005', '-0.00010', '1.00000']
  '004.6000': ['2.776', '1.299', '0.080', '-0.00909', '-0.99996', '-0.00009', '0.99996',
    '-0.00909', '0.00005', '-0.00005', '-0.00009', '1.00000']
  '004.6667': ['2.776', '1.314', '0.080', '-0.00879', '-0.99996', '-0.00010', '0.99996',
    '-0.00879', '0.00005', '-0.00006', '-0.00010', '1.00000']
  '004.7333': ['2.775', '1.329', '0.080', '-0.00479', '-0.99999', '-0.00011', '0.99999',
    '-0.00479', '0.00006', '-0.00006', '-0.00011', '1.00000']
  '004.8000': ['2.776', '1.344', '0.080', '-0.00647', '-0.99998', '-0.00010', '0.99998',
    '-0.00647', '0.00007', '-0.00007', '-0.00010', '1.00000']
  '004.8667': ['2.775', '1.360', '0.080', '-0.00852', '-0.99996', '-0.00011', '0.99996',
    '-0.00852', '0.00005', '-0.00005', '-0.00011', '1.00000']
  '004.9333': ['2.775', '1.374', '0.080', '-0.01012', '-0.99995', '-0.00013', '0.99995',
    '-0.01012', '0.00005', '-0.00005', '-0.00013', '1.00000']
  '005.0000': ['2.775', '1.388', '0.080', '-0.01152', '-0.99993', '-0.00014', '0.99993',
    '-0.01152', '0.00004', '-0.00005', '-0.00014', '1.00000']
  '005.0667': ['2.775', '1.401', '0.080', '-0.00635', '-0.99998', '-0.00014', '0.99998',
    '-0.00635', '0.00004', '-0.00004', '-0.00014', '1.00000']
  '005.1333': ['2.775', '1.415', '0.080', '-0.00149', '-1.00000', '-0.00013', '1.00000',
    '-0.00149', '0.00005', '-0.00005', '-0.00013', '1.00000']
  '005.2000': ['2.775', '1.428', '0.080', '0.00327', '-0.99999', '-0.00014', '0.99999',
    '0.00327', '0.00003', '-0.00003', '-0.00014', '1.00000']
  '005.2667': ['2.776', '1.442', '0.080', '0.00781', '-0.99997', '-0.00010', '0.99997',
    '0.00781', '-0.00007', '0.00007', '-0.00010', '1.00000']
  '005.3333': ['2.775', '1.457', '0.080', '0.01436', '-0.99990', '-0.00010', '0.99990',
    '0.01436', '-0.00006', '0.00006', '-0.00010', '1.00000']
  '005.4000': ['2.775', '1.474', '0.080', '0.02229', '-0.99975', '-0.00009', '0.99975',
    '0.02229', '-0.00005', '0.00005', '-0.00009', '1.00000']
  '005.4667': ['2.775', '1.488', '0.080', '0.03166', '-0.99950', '-0.00010', '0.99950',
    '0.03166', '-0.00005', '0.00006', '-0.00010', '1.00000']
  '005.5333': ['2.776', '1.501', '0.080', '0.03647', '-0.99933', '-0.00010', '0.99933',
    '0.03647', '-0.00005', '0.00006', '-0.00010', '1.00000']
  '005.6000': ['2.776', '1.515', '0.080', '0.04589', '-0.99895', '-0.00010', '0.99895',
    '0.04589', '-0.00004', '0.00005', '-0.00010', '1.00000']
  '005.6667': ['2.777', '1.528', '0.080', '0.05412', '-0.99853', '-0.00011', '0.99853',
    '0.05412', '-0.00003', '0.00004', '-0.00011', '1.00000']
  '005.7333': ['2.778', '1.542', '0.080', '0.06445', '-0.99792', '-0.00011', '0.99792',
    '0.06445', '-0.00003', '0.00003', '-0.00010', '1.00000']
  '005.8000': ['2.780', '1.556', '0.080', '0.07617', '-0.99709', '-0.00009', '0.99709',
    '0.07617', '-0.00001', '0.00002', '-0.00009', '1.00000']
  '005.8667': ['2.783', '1.567', '0.080', '0.07931', '-0.99685', '0.00002', '0.99685',
    '0.07931', '-0.00000', '0.00000', '0.00002', '1.00000']
  '005.9333': ['2.785', '1.582', '0.080', '0.07832', '-0.99693', '0.00001', '0.99693',
    '0.07832', '0.00001', '-0.00001', '0.00001', '1.00000']
  '006.0000': ['2.786', '1.597', '0.080', '0.07729', '-0.99701', '-0.00000', '0.99701',
    '0.07729', '0.00002', '-0.00002', '-0.00000', '1.00000']
  '006.0667': ['2.787', '1.612', '0.080', '0.07487', '-0.99719', '-0.00001', '0.99719',
    '0.07487', '0.00004', '-0.00004', '-0.00001', '1.00000']
  '006.1333': ['2.790', '1.624', '0.080', '0.06777', '-0.99770', '0.00002', '0.99770',
    '0.06777', '0.00007', '-0.00007', '0.00002', '1.00000']
  '006.2000': ['2.790', '1.637', '0.080', '0.06053', '-0.99817', '0.00002', '0.99817',
    '0.06053', '0.00011', '-0.00011', '0.00002', '1.00000']
  '006.2667': ['2.791', '1.654', '0.080', '0.05328', '-0.99858', '0.00004', '0.99858',
    '0.05328', '0.00012', '-0.00013', '0.00004', '1.00000']
  '006.3333': ['2.792', '1.667', '0.080', '0.04537', '-0.99897', '0.00005', '0.99897',
    '0.04537', '0.00014', '-0.00014', '0.00005', '1.00000']
  '006.4000': ['2.794', '1.682', '0.080', '0.03655', '-0.99933', '0.00011', '0.99933',
    '0.03655', '0.00014', '-0.00015', '0.00010', '1.00000']
  '006.4667': ['2.795', '1.698', '0.080', '0.02665', '-0.99964', '0.00015', '0.99964',
    '0.02665', '0.00016', '-0.00017', '0.00014', '1.00000']
  '006.5333': ['2.796', '1.712', '0.080', '0.01694', '-0.99986', '0.00018', '0.99986',
    '0.01694', '0.00018', '-0.00018', '0.00018', '1.00000']
  '006.6000': ['2.797', '1.725', '0.080', '0.00914', '-0.99996', '0.00020', '0.99996',
    '0.00914', '0.00019', '-0.00019', '0.00020', '1.00000']
  '006.6667': ['2.799', '1.735', '0.080', '0.00849', '-0.99996', '0.00027', '0.99996',
    '0.00849', '0.00015', '-0.00015', '0.00027', '1.00000']
  '006.7333': ['2.800', '1.747', '0.080', '0.00780', '-0.99997', '0.00028', '0.99997',
    '0.00780', '0.00016', '-0.00016', '0.00028', '1.00000']
  '006.8000': ['2.800', '1.761', '0.080', '0.00431', '-0.99999', '0.00026', '0.99999',
    '0.00431', '0.00012', '-0.00013', '0.00026', '1.00000']
  '006.8667': ['2.801', '1.773', '0.080', '-0.00372', '-0.99999', '0.00027', '0.99999',
    '-0.00372', '0.00011', '-0.00011', '0.00027', '1.00000']
  '006.9333': ['2.800', '1.787', '0.080', '-0.01146', '-0.99993', '0.00026', '0.99993',
    '-0.01146', '0.00008', '-0.00008', '0.00026', '1.00000']
  '007.0000': ['2.801', '1.801', '0.080', '-0.01964', '-0.99981', '0.00025', '0.99981',
    '-0.01964', '0.00007', '-0.00006', '0.00025', '1.00000']
  '007.0667': ['2.801', '1.815', '0.080', '-0.02852', '-0.99959', '0.00025', '0.99959',
    '-0.02852', '0.00002', '-0.00002', '0.00025', '1.00000']
  '007.1333': ['2.801', '1.828', '0.080', '-0.03785', '-0.99928', '0.00026', '0.99928',
    '-0.03785', '0.00001', '0.00000', '0.00026', '1.00000']
  '007.2000': ['2.800', '1.840', '0.080', '-0.04718', '-0.99889', '0.00026', '0.99889',
    '-0.04718', '0.00001', '0.00000', '0.00026', '1.00000']
  '007.2667': ['2.800', '1.856', '0.080', '-0.05662', '-0.99840', '0.00026', '0.99840',
    '-0.05662', '0.00003', '-0.00001', '0.00026', '1.00000']
  '007.3333': ['2.799', '1.872', '0.080', '-0.06622', '-0.99781', '0.00026', '0.99781',
    '-0.06622', '0.00006', '-0.00004', '0.00027', '1.00000']
  '007.4000': ['2.798', '1.885', '0.080', '-0.07569', '-0.99713', '0.00027', '0.99713',
    '-0.07569', '0.00008', '-0.00006', '0.00028', '1.00000']
  '007.4667': ['2.798', '1.897', '0.080', '-0.08354', '-0.99650', '0.00026', '0.99650',
    '-0.08354', '0.00007', '-0.00005', '0.00026', '1.00000']
  '007.5333': ['2.797', '1.913', '0.080', '-0.08576', '-0.99632', '0.00025', '0.99632',
    '-0.08576', '0.00009', '-0.00007', '0.00026', '1.00000']
  '007.6000': ['2.797', '1.928', '0.080', '-0.08126', '-0.99669', '0.00025', '0.99669',
    '-0.08126', '0.00008', '-0.00006', '0.00025', '1.00000']
  '007.6667': ['2.797', '1.941', '0.080', '-0.08364', '-0.99650', '0.00025', '0.99650',
    '-0.08364', '0.00007', '-0.00005', '0.00025', '1.00000']
  '007.7333': ['2.796', '1.954', '0.080', '-0.08729', '-0.99618', '0.00026', '0.99618',
    '-0.08729', '0.00008', '-0.00006', '0.00027', '1.00000']
  '007.8000': ['2.795', '1.969', '0.080', '-0.09118', '-0.99583', '0.00025', '0.99583',
    '-0.09118', '0.00008', '-0.00006', '0.00025', '1.00000']
  '007.8667': ['2.794', '1.983', '0.080', '-0.09502', '-0.99548', '0.00024', '0.99548',
    '-0.09502', '0.00008', '-0.00005', '0.00024', '1.00000']
  '007.9333': ['2.793', '1.996', '0.080', '-0.09338', '-0.99563', '0.00022', '0.99563',
    '-0.09338', '0.00007', '-0.00005', '0.00023', '1.00000']
  '008.0000': ['2.791', '2.009', '0.080', '-0.08540', '-0.99635', '0.00022', '0.99635',
    '-0.08540', '0.00006', '-0.00004', '0.00023', '1.00000']
  '008.0667': ['2.791', '2.024', '0.080', '-0.07765', '-0.99698', '0.00023', '0.99698',
    '-0.07765', '0.00005', '-0.00004', '0.00023', '1.00000']
  '008.1333': ['2.791', '2.039', '0.080', '-0.07029', '-0.99753', '0.00022', '0.99753',
    '-0.07029', '0.00006', '-0.00005', '0.00022', '1.00000']
  '008.2000': ['2.790', '2.053', '0.080', '-0.06214', '-0.99807', '0.00022', '0.99807',
    '-0.06214', '0.00007', '-0.00006', '0.00022', '1.00000']
  '008.2667': ['2.790', '2.067', '0.080', '-0.05350', '-0.99857', '0.00022', '0.99857',
    '-0.05350', '0.00007', '-0.00006', '0.00022', '1.00000']
  '008.3333': ['2.790', '2.083', '0.080', '-0.04446', '-0.99901', '0.00022', '0.99901',
    '-0.04446', '0.00008', '-0.00007', '0.00022', '1.00000']
  '008.4000': ['2.790', '2.097', '0.080', '-0.03456', '-0.99940', '0.00021', '0.99940',
    '-0.03456', '0.00009', '-0.00008', '0.00022', '1.00000']
  '008.4667': ['2.790', '2.111', '0.080', '-0.02382', '-0.99972', '0.00021', '0.99972',
    '-0.02382', '0.00009', '-0.00008', '0.00021', '1.00000']
  '008.5333': ['2.790', '2.126', '0.080', '-0.01226', '-0.99992', '0.00021', '0.99992',
    '-0.01226', '0.00009', '-0.00009', '0.00021', '1.00000']
  '008.6000': ['2.791', '2.143', '0.080', '-0.00076', '-1.00000', '0.00019', '1.00000',
    '-0.00076', '0.00009', '-0.00009', '0.00019', '1.00000']
  '008.6667': ['2.791', '2.155', '0.080', '0.01097', '-0.99994', '0.00019', '0.99994',
    '0.01097', '0.00010', '-0.00010', '0.00019', '1.00000']
  '008.7333': ['2.792', '2.167', '0.080', '0.01733', '-0.99985', '0.00019', '0.99985',
    '0.01733', '0.00010', '-0.00010', '0.00019', '1.00000']
  '008.8000': ['2.792', '2.181', '0.080', '0.02435', '-0.99970', '0.00018', '0.99970',
    '0.02435', '0.00012', '-0.00013', '0.00018', '1.00000']
  '008.8667': ['2.793', '2.197', '0.080', '0.03133', '-0.99951', '0.00017', '0.99951',
    '0.03133', '0.00013', '-0.00013', '0.00016', '1.00000']
  '008.9333': ['2.795', '2.213', '0.080', '0.03757', '-0.99929', '0.00015', '0.99929',
    '0.03757', '0.00014', '-0.00015', '0.00015', '1.00000']
  '009.0000': ['2.795', '2.225', '0.080', '0.04234', '-0.99910', '0.00015', '0.99910',
    '0.04234', '0.00016', '-0.00016', '0.00015', '1.00000']
  '009.0667': ['2.797', '2.240', '0.080', '0.04537', '-0.99897', '0.00016', '0.99897',
    '0.04537', '0.00018', '-0.00018', '0.00015', '1.00000']
  '009.1333': ['2.798', '2.254', '0.080', '0.05100', '-0.99870', '0.00016', '0.99870',
    '0.05100', '0.00020', '-0.00020', '0.00015', '1.00000']
  '009.2000': ['2.799', '2.268', '0.080', '0.05670', '-0.99839', '0.00015', '0.99839',
    '0.05670', '0.00019', '-0.00020', '0.00014', '1.00000']
  '009.2667': ['2.800', '2.283', '0.080', '0.06259', '-0.99804', '0.00015', '0.99804',
    '0.06259', '0.00021', '-0.00022', '0.00013', '1.00000']
  '009.3333': ['2.802', '2.298', '0.080', '0.06866', '-0.99764', '0.00015', '0.99764',
    '0.06866', '0.00023', '-0.00024', '0.00014', '1.00000']
  '009.4000': ['2.806', '2.319', '0.080', '0.07288', '-0.99734', '0.00026', '0.99734',
    '0.07288', '0.00013', '-0.00015', '0.00025', '1.00000']
  '009.4667': ['2.807', '2.336', '0.080', '0.07509', '-0.99718', '0.00026', '0.99718',
    '0.07509', '0.00014', '-0.00016', '0.00025', '1.00000']
  '009.5333': ['2.807', '2.350', '0.080', '0.07427', '-0.99724', '0.00025', '0.99724',
    '0.07427', '0.00013', '-0.00015', '0.00024', '1.00000']
  '009.6000': ['2.800', '2.361', '0.080', '0.07919', '-0.99686', '0.00031', '0.99686',
    '0.07919', '-0.00001', '-0.00002', '0.00031', '1.00000']
  '009.6667': ['2.800', '2.374', '0.080', '0.08566', '-0.99632', '0.00031', '0.99632',
    '0.08566', '-0.00001', '-0.00001', '0.00031', '1.00000']
  '009.7333': ['2.801', '2.388', '0.080', '0.08905', '-0.99603', '0.00031', '0.99603',
    '0.08905', '0.00000', '-0.00003', '0.00031', '1.00000']
  '009.8000': ['2.802', '2.400', '0.080', '0.08899', '-0.99603', '0.00032', '0.99603',
    '0.08899', '0.00001', '-0.00004', '0.00032', '1.00000']
  '009.8667': ['2.803', '2.414', '0.080', '0.08692', '-0.99621', '0.00031', '0.99622',
    '0.08692', '0.00001', '-0.00004', '0.00031', '1.00000']
  '009.9333': ['2.804', '2.428', '0.080', '0.08193', '-0.99664', '0.00031', '0.99664',
    '0.08193', '0.00001', '-0.00004', '0.00031', '1.00000']
  '010.0000': ['2.805', '2.441', '0.080', '0.07492', '-0.99719', '0.00031', '0.99719',
    '0.07492', '0.00003', '-0.00005', '0.00031', '1.00000']
  '010.0667': ['2.806', '2.457', '0.080', '0.06718', '-0.99774', '0.00032', '0.99774',
    '0.06718', '0.00004', '-0.00007', '0.00031', '1.00000']
  '010.1333': ['2.807', '2.472', '0.080', '0.05886', '-0.99827', '0.00033', '0.99827',
    '0.05886', '0.00005', '-0.00007', '0.00033', '1.00000']
  '010.2000': ['2.808', '2.484', '0.080', '0.05024', '-0.99874', '0.00033', '0.99874',
    '0.05024', '0.00007', '-0.00009', '0.00033', '1.00000']
  '010.2667': ['2.808', '2.497', '0.080', '0.04162', '-0.99913', '0.00034', '0.99913',
    '0.04162', '0.00008', '-0.00010', '0.00034', '1.00000']
  '010.3333': ['2.808', '2.512', '0.080', '0.03307', '-0.99945', '0.00035', '0.99945',
    '0.03307', '0.00010', '-0.00011', '0.00034', '1.00000']
  '010.4000': ['2.809', '2.526', '0.080', '0.02445', '-0.99970', '0.00035', '0.99970',
    '0.02445', '0.00012', '-0.00013', '0.00034', '1.00000']
  '010.4667': ['2.809', '2.540', '0.080', '0.01671', '-0.99986', '0.00034', '0.99986',
    '0.01671', '0.00014', '-0.00014', '0.00034', '1.00000']
  '010.5333': ['2.809', '2.553', '0.080', '0.01353', '-0.99991', '0.00035', '0.99991',
    '0.01353', '0.00014', '-0.00015', '0.00035', '1.00000']
  '010.6000': ['2.809', '2.568', '0.080', '0.01829', '-0.99983', '0.00036', '0.99983',
    '0.01829', '0.00016', '-0.00017', '0.00036', '1.00000']
  '010.6667': ['2.808', '2.583', '0.080', '0.02166', '-0.99977', '0.00037', '0.99977',
    '0.02166', '0.00016', '-0.00017', '0.00036', '1.00000']
  '010.7333': ['2.809', '2.598', '0.080', '0.01642', '-0.99987', '0.00037', '0.99987',
    '0.01642', '0.00019', '-0.00019', '0.00037', '1.00000']
  '010.8000': ['2.809', '2.611', '0.080', '0.00047', '-1.00000', '0.00037', '1.00000',
    '0.00047', '0.00019', '-0.00019', '0.00037', '1.00000']
  '010.8667': ['2.809', '2.623', '0.080', '-0.00501', '-0.99999', '0.00037', '0.99999',
    '-0.00501', '0.00020', '-0.00020', '0.00037', '1.00000']
  '010.9333': ['2.809', '2.637', '0.080', '-0.00736', '-0.99997', '0.00037', '0.99997',
    '-0.00736', '0.00019', '-0.00019', '0.00037', '1.00000']
  '011.0000': ['2.808', '2.651', '0.080', '-0.00602', '-0.99998', '0.00037', '0.99998',
    '-0.00602', '0.00019', '-0.00019', '0.00037', '1.00000']
  '011.0667': ['2.808', '2.664', '0.080', '-0.00387', '-0.99999', '0.00037', '0.99999',
    '-0.00387', '0.00021', '-0.00021', '0.00037', '1.00000']
  '011.1333': ['2.807', '2.681', '0.080', '-0.01244', '-0.99992', '0.00036', '0.99992',
    '-0.01244', '0.00022', '-0.00022', '0.00036', '1.00000']
  '011.2000': ['2.807', '2.696', '0.080', '-0.01115', '-0.99994', '0.00037', '0.99994',
    '-0.01115', '0.00024', '-0.00024', '0.00037', '1.00000']
  '011.2667': ['2.808', '2.709', '0.080', '-0.01067', '-0.99994', '0.00037', '0.99994',
    '-0.01067', '0.00024', '-0.00024', '0.00037', '1.00000']
  '011.3333': ['2.808', '2.722', '0.080', '-0.01151', '-0.99993', '0.00032', '0.99993',
    '-0.01151', '0.00027', '-0.00026', '0.00032', '1.00000']
  '011.4000': ['2.813', '2.729', '0.080', '-0.01662', '-0.99986', '-0.00025', '0.99986',
    '-0.01662', '0.00040', '-0.00041', '-0.00024', '1.00000']
  '011.4667': ['2.805', '2.741', '0.080', '-0.00507', '-0.99999', '0.00027', '0.99999',
    '-0.00507', '0.00025', '-0.00025', '0.00027', '1.00000']
  '011.5333': ['2.805', '2.765', '0.080', '0.00569', '-0.99998', '0.00035', '0.99998',
    '0.00570', '0.00031', '-0.00032', '0.00035', '1.00000']
  '011.6000': ['2.805', '2.782', '0.080', '0.01598', '-0.99987', '0.00038', '0.99987',
    '0.01598', '0.00033', '-0.00033', '0.00037', '1.00000']
  '011.6667': ['2.805', '2.798', '0.080', '0.02598', '-0.99966', '0.00037', '0.99966',
    '0.02598', '0.00032', '-0.00033', '0.00036', '1.00000']
  '011.7333': ['2.805', '2.812', '0.080', '0.03645', '-0.99934', '0.00036', '0.99934',
    '0.03645', '0.00031', '-0.00032', '0.00034', '1.00000']
  '011.8000': ['2.804', '2.815', '0.080', '0.04819', '-0.99884', '0.00029', '0.99884',
    '0.04819', '0.00026', '-0.00027', '0.00028', '1.00000']
  '011.8667': ['2.805', '2.827', '0.080', '0.06111', '-0.99813', '0.00028', '0.99813',
    '0.06111', '0.00024', '-0.00025', '0.00026', '1.00000']
  '011.9333': ['2.806', '2.841', '0.080', '0.07555', '-0.99714', '0.00027', '0.99714',
    '0.07555', '0.00021', '-0.00023', '0.00025', '1.00000']
  '012.0000': ['2.807', '2.856', '0.080', '0.06915', '-0.99761', '0.00027', '0.99761',
    '0.06915', '0.00020', '-0.00022', '0.00025', '1.00000']
  '012.0667': ['2.809', '2.872', '0.080', '0.05843', '-0.99829', '0.00027', '0.99829',
    '0.05843', '0.00022', '-0.00023', '0.00026', '1.00000']
  '012.1333': ['2.810', '2.888', '0.080', '0.04304', '-0.99907', '0.00027', '0.99907',
    '0.04304', '0.00023', '-0.00024', '0.00026', '1.00000']
  '012.2000': ['2.811', '2.904', '0.080', '0.02423', '-0.99971', '0.00027', '0.99971',
    '0.02423', '0.00023', '-0.00024', '0.00026', '1.00000']
  '012.2667': ['2.810', '2.919', '0.080', '0.00579', '-0.99998', '0.00026', '0.99998',
    '0.00579', '0.00026', '-0.00026', '0.00026', '1.00000']
  '012.3333': ['2.811', '2.933', '0.080', '-0.02718', '-0.99963', '0.00024', '0.99963',
    '-0.02718', '0.00027', '-0.00026', '0.00024', '1.00000']
  '012.4000': ['2.810', '2.947', '0.080', '-0.04569', '-0.99896', '0.00024', '0.99896',
    '-0.04569', '0.00027', '-0.00026', '0.00025', '1.00000']
  '012.4667': ['2.809', '2.962', '0.080', '-0.06403', '-0.99795', '0.00029', '0.99795',
    '-0.06403', '0.00027', '-0.00025', '0.00030', '1.00000']
  '012.5333': ['2.808', '2.974', '0.080', '-0.09293', '-0.99567', '0.00030', '0.99567',
    '-0.09293', '0.00030', '-0.00027', '0.00033', '1.00000']
  '012.6000': ['2.807', '2.985', '0.080', '-0.11468', '-0.99340', '0.00029', '0.99340',
    '-0.11468', '0.00033', '-0.00029', '0.00033', '1.00000']
  '012.6667': ['2.805', '2.999', '0.080', '-0.11825', '-0.99298', '0.00031', '0.99298',
    '-0.11825', '0.00036', '-0.00032', '0.00035', '1.00000']
  '012.7333': ['2.803', '3.012', '0.080', '-0.15556', '-0.98783', '0.00030', '0.98783',
    '-0.15556', '0.00038', '-0.00033', '0.00036', '1.00000']
  '012.8000': ['2.802', '3.023', '0.080', '-0.19209', '-0.98138', '0.00028', '0.98138',
    '-0.19209', '0.00041', '-0.00035', '0.00036', '1.00000']
  '012.8667': ['2.799', '3.038', '0.080', '-0.20899', '-0.97792', '0.00028', '0.97792',
    '-0.20899', '0.00047', '-0.00040', '0.00037', '1.00000']
  '012.9333': ['2.795', '3.053', '0.080', '-0.21703', '-0.97617', '0.00029', '0.97616',
    '-0.21703', '0.00054', '-0.00047', '0.00040', '1.00000']
  '013.0000': ['2.793', '3.066', '0.080', '-0.24346', '-0.96991', '0.00030', '0.96991',
    '-0.24346', '0.00059', '-0.00050', '0.00043', '1.00000']
  '013.0667': ['2.790', '3.080', '0.080', '-0.30430', '-0.95258', '0.00027', '0.95258',
    '-0.30430', '0.00060', '-0.00049', '0.00044', '1.00000']
  '013.1333': ['2.787', '3.093', '0.080', '-0.34298', '-0.93934', '0.00026', '0.93934',
    '-0.34298', '0.00061', '-0.00048', '0.00046', '1.00000']
  '013.2000': ['2.781', '3.104', '0.080', '-0.36825', '-0.92973', '0.00036', '0.92973',
    '-0.36825', '0.00064', '-0.00046', '0.00057', '1.00000']
  '013.2667': ['2.776', '3.117', '0.080', '-0.40779', '-0.91307', '0.00036', '0.91307',
    '-0.40779', '0.00062', '-0.00042', '0.00058', '1.00000']
  '013.3333': ['2.771', '3.131', '0.080', '-0.44751', '-0.89428', '0.00031', '0.89428',
    '-0.44751', '0.00061', '-0.00041', '0.00055', '1.00000']
  '013.4000': ['2.769', '3.149', '0.080', '-0.49149', '-0.87088', '0.00019', '0.87088',
    '-0.49149', '0.00059', '-0.00042', '0.00045', '1.00000']
  '013.4667': ['2.760', '3.163', '0.080', '-0.52543', '-0.85084', '0.00017', '0.85084',
    '-0.52543', '0.00060', '-0.00043', '0.00046', '1.00000']
  '013.5333': ['2.752', '3.173', '0.080', '-0.55446', '-0.83221', '0.00016', '0.83221',
    '-0.55446', '0.00061', '-0.00042', '0.00048', '1.00000']
  '013.6000': ['2.745', '3.178', '0.080', '-0.58221', '-0.81304', '0.00024', '0.81304',
    '-0.58221', '0.00066', '-0.00039', '0.00058', '1.00000']
  '013.6667': ['2.736', '3.188', '0.080', '-0.60867', '-0.79343', '0.00023', '0.79343',
    '-0.60867', '0.00065', '-0.00038', '0.00058', '1.00000']
  '013.7333': ['2.728', '3.200', '0.080', '-0.63464', '-0.77281', '0.00023', '0.77281',
    '-0.63464', '0.00061', '-0.00033', '0.00056', '1.00000']
  '013.8000': ['2.726', '3.210', '0.080', '-0.66221', '-0.74932', '0.00019', '0.74932',
    '-0.66221', '0.00055', '-0.00029', '0.00051', '1.00000']
  '013.8667': ['2.720', '3.219', '0.080', '-0.68369', '-0.72978', '0.00017', '0.72978',
    '-0.68369', '0.00056', '-0.00029', '0.00051', '1.00000']
  '013.9333': ['2.710', '3.229', '0.080', '-0.68928', '-0.72449', '0.00018', '0.72449',
    '-0.68928', '0.00057', '-0.00028', '0.00052', '1.00000']
  '014.0000': ['2.700', '3.240', '0.080', '-0.72570', '-0.68801', '0.00016', '0.68801',
    '-0.72570', '0.00057', '-0.00028', '0.00053', '1.00000']
  '014.0667': ['2.689', '3.250', '0.080', '-0.76196', '-0.64763', '0.00016', '0.64763',
    '-0.76196', '0.00059', '-0.00026', '0.00056', '1.00000']
  '014.1333': ['2.679', '3.258', '0.080', '-0.79526', '-0.60627', '0.00015', '0.60627',
    '-0.79525', '0.00062', '-0.00025', '0.00058', '1.00000']
  '014.2000': ['2.668', '3.267', '0.080', '-0.82613', '-0.56348', '0.00013', '0.56348',
    '-0.82613', '0.00062', '-0.00024', '0.00059', '1.00000']
  '014.2667': ['2.657', '3.275', '0.080', '-0.85477', '-0.51900', '0.00012', '0.51900',
    '-0.85477', '0.00061', '-0.00022', '0.00058', '1.00000']
  '014.3333': ['2.646', '3.281', '0.080', '-0.88161', '-0.47198', '0.00011', '0.47198',
    '-0.88161', '0.00061', '-0.00019', '0.00059', '1.00000']
  '014.4000': ['2.635', '3.287', '0.080', '-0.90265', '-0.43038', '0.00009', '0.43038',
    '-0.90265', '0.00060', '-0.00017', '0.00058', '1.00000']
  '014.4667': ['2.621', '3.294', '0.080', '-0.91061', '-0.41327', '0.00010', '0.41327',
    '-0.91061', '0.00062', '-0.00016', '0.00061', '1.00000']
  '014.5333': ['2.608', '3.300', '0.080', '-0.91667', '-0.39964', '0.00010', '0.39964',
    '-0.91667', '0.00061', '-0.00015', '0.00060', '1.00000']
  '014.6000': ['2.598', '3.304', '0.080', '-0.92438', '-0.38147', '0.00009', '0.38147',
    '-0.92438', '0.00059', '-0.00014', '0.00058', '1.00000']
  '014.6667': ['2.586', '3.309', '0.080', '-0.93163', '-0.36340', '0.00008', '0.36340',
    '-0.93163', '0.00057', '-0.00013', '0.00056', '1.00000']
  '014.7333': ['2.571', '3.314', '0.080', '-0.94028', '-0.34041', '0.00008', '0.34041',
    '-0.94028', '0.00059', '-0.00013', '0.00058', '1.00000']
  '014.8000': ['2.557', '3.319', '0.080', '-0.94884', '-0.31574', '0.00007', '0.31574',
    '-0.94884', '0.00060', '-0.00012', '0.00059', '1.00000']
  '014.8667': ['2.544', '3.323', '0.080', '-0.95685', '-0.29058', '0.00006', '0.29058',
    '-0.95685', '0.00059', '-0.00011', '0.00058', '1.00000']
  '014.9333': ['2.531', '3.327', '0.080', '-0.96364', '-0.26721', '0.00005', '0.26721',
    '-0.96364', '0.00059', '-0.00011', '0.00058', '1.00000']
  '015.0000': ['2.518', '3.331', '0.080', '-0.96662', '-0.25620', '0.00004', '0.25620',
    '-0.96662', '0.00061', '-0.00012', '0.00060', '1.00000']
  '015.0667': ['2.504', '3.334', '0.080', '-0.96872', '-0.24816', '0.00003', '0.24816',
    '-0.96872', '0.00060', '-0.00012', '0.00059', '1.00000']
  '015.1333': ['2.489', '3.338', '0.080', '-0.97240', '-0.23332', '0.00002', '0.23332',
    '-0.97240', '0.00061', '-0.00012', '0.00060', '1.00000']
  '015.2000': ['2.475', '3.341', '0.080', '-0.97578', '-0.21877', '0.00002', '0.21877',
    '-0.97578', '0.00062', '-0.00012', '0.00061', '1.00000']
  '015.2667': ['2.461', '3.343', '0.080', '-0.97885', '-0.20459', '0.00001', '0.20459',
    '-0.97885', '0.00060', '-0.00011', '0.00059', '1.00000']
  '015.3333': ['2.448', '3.346', '0.080', '-0.98165', '-0.19070', '-0.00000', '0.19070',
    '-0.98165', '0.00059', '-0.00011', '0.00058', '1.00000']
  '015.4000': ['2.436', '3.348', '0.080', '-0.98428', '-0.17664', '-0.00001', '0.17664',
    '-0.98428', '0.00059', '-0.00012', '0.00058', '1.00000']
  '015.4667': ['2.423', '3.351', '0.080', '-0.98673', '-0.16239', '-0.00002', '0.16239',
    '-0.98673', '0.00058', '-0.00011', '0.00057', '1.00000']
  '015.5333': ['2.407', '3.353', '0.080', '-0.98901', '-0.14786', '-0.00003', '0.14786',
    '-0.98901', '0.00057', '-0.00011', '0.00056', '1.00000']
  '015.6000': ['2.391', '3.355', '0.080', '-0.99106', '-0.13342', '-0.00004', '0.13342',
    '-0.99106', '0.00056', '-0.00012', '0.00055', '1.00000']
  '015.6667': ['2.378', '3.357', '0.080', '-0.99287', '-0.11923', '-0.00007', '0.11923',
    '-0.99287', '0.00055', '-0.00014', '0.00054', '1.00000']
  '015.7333': ['2.362', '3.359', '0.080', '-0.99449', '-0.10484', '-0.00009', '0.10484',
    '-0.99449', '0.00057', '-0.00014', '0.00055', '1.00000']
  '015.8000': ['2.346', '3.360', '0.080', '-0.99591', '-0.09040', '-0.00010', '0.09040',
    '-0.99591', '0.00055', '-0.00015', '0.00054', '1.00000']
  '015.8667': ['2.332', '3.362', '0.080', '-0.99711', '-0.07602', '-0.00011', '0.07602',
    '-0.99711', '0.00054', '-0.00015', '0.00053', '1.00000']
  '015.9333': ['2.318', '3.363', '0.080', '-0.99811', '-0.06145', '-0.00010', '0.06145',
    '-0.99811', '0.00054', '-0.00014', '0.00053', '1.00000']
  '016.0000': ['2.304', '3.364', '0.080', '-0.99891', '-0.04670', '-0.00011', '0.04670',
    '-0.99891', '0.00054', '-0.00014', '0.00054', '1.00000']
  '016.0667': ['2.290', '3.365', '0.080', '-0.99950', '-0.03158', '-0.00011', '0.03158',
    '-0.99950', '0.00054', '-0.00013', '0.00053', '1.00000']
  '016.1333': ['2.275', '3.365', '0.080', '-0.99983', '-0.01854', '-0.00013', '0.01854',
    '-0.99983', '0.00053', '-0.00014', '0.00052', '1.00000']
  '016.2000': ['2.260', '3.366', '0.080', '-0.99999', '-0.00539', '-0.00015', '0.00539',
    '-0.99999', '0.00052', '-0.00015', '0.00052', '1.00000']
  '016.2667': ['2.246', '3.367', '0.080', '-0.99996', '0.00899', '-0.00014', '-0.00899',
    '-0.99996', '0.00050', '-0.00013', '0.00050', '1.00000']
  '016.3333': ['2.233', '3.367', '0.080', '-0.99971', '0.02420', '-0.00015', '-0.02420',
    '-0.99971', '0.00050', '-0.00014', '0.00050', '1.00000']
  '016.4000': ['2.220', '3.367', '0.080', '-0.99934', '0.03624', '-0.00017', '-0.03624',
    '-0.99934', '0.00048', '-0.00016', '0.00048', '1.00000']
  '016.4667': ['2.205', '3.366', '0.080', '-0.99913', '0.04159', '-0.00019', '-0.04159',
    '-0.99913', '0.00046', '-0.00017', '0.00047', '1.00000']
  '016.5333': ['2.192', '3.366', '0.080', '-0.99889', '0.04711', '-0.00019', '-0.04711',
    '-0.99889', '0.00044', '-0.00017', '0.00045', '1.00000']
  '016.6000': ['2.177', '3.365', '0.080', '-0.99860', '0.05296', '-0.00019', '-0.05296',
    '-0.99860', '0.00043', '-0.00017', '0.00044', '1.00000']
  '016.6667': ['2.163', '3.365', '0.080', '-0.99824', '0.05924', '-0.00028', '-0.05924',
    '-0.99824', '0.00060', '-0.00024', '0.00062', '1.00000']
  '016.7333': ['2.148', '3.364', '0.080', '-0.99788', '0.06504', '-0.00025', '-0.06504',
    '-0.99788', '0.00043', '-0.00022', '0.00045', '1.00000']
  '016.8000': ['2.133', '3.363', '0.080', '-0.99784', '0.06576', '-0.00025', '-0.06576',
    '-0.99784', '0.00042', '-0.00023', '0.00043', '1.00000']
  '016.8667': ['2.118', '3.362', '0.080', '-0.99816', '0.06057', '-0.00024', '-0.06057',
    '-0.99816', '0.00040', '-0.00022', '0.00041', '1.00000']
  '016.9333': ['2.100', '3.359', '0.080', '-0.99825', '0.05911', '-0.00014', '-0.05911',
    '-0.99825', '0.00047', '-0.00011', '0.00048', '1.00000']
  '017.0000': ['2.086', '3.358', '0.080', '-0.99845', '0.05564', '-0.00016', '-0.05564',
    '-0.99845', '0.00047', '-0.00013', '0.00048', '1.00000']
  '017.0667': ['2.071', '3.357', '0.080', '-0.99866', '0.05166', '-0.00018', '-0.05166',
    '-0.99866', '0.00046', '-0.00016', '0.00047', '1.00000']
  '017.1333': ['2.053', '3.355', '0.080', '-0.99937', '0.03556', '-0.00025', '-0.03556',
    '-0.99937', '0.00046', '-0.00024', '0.00047', '1.00000']
  '017.2000': ['2.037', '3.355', '0.080', '-0.99983', '0.01850', '-0.00028', '-0.01850',
    '-0.99983', '0.00044', '-0.00027', '0.00044', '1.00000']
  '017.2667': ['2.021', '3.354', '0.080', '-1.00000', '-0.00005', '-0.00028', '0.00005',
    '-1.00000', '0.00045', '-0.00028', '0.00045', '1.00000']
  '017.3333': ['2.004', '3.355', '0.080', '-0.99980', '-0.01993', '-0.00019', '0.01993',
    '-0.99980', '0.00038', '-0.00020', '0.00037', '1.00000']
  '017.4000': ['1.989', '3.355', '0.080', '-0.99918', '-0.04051', '-0.00016', '0.04051',
    '-0.99918', '0.00039', '-0.00017', '0.00038', '1.00000']
  '017.4667': ['1.976', '3.355', '0.080', '-0.99942', '-0.03408', '-0.00011', '0.03408',
    '-0.99942', '0.00038', '-0.00012', '0.00037', '1.00000']
  '017.5333': ['1.960', '3.354', '0.080', '-0.99931', '-0.03707', '-0.00006', '0.03707',
    '-0.99931', '0.00038', '-0.00008', '0.00038', '1.00000']
  '017.6000': ['1.946', '3.354', '0.080', '-0.99901', '-0.04459', '-0.00001', '0.04459',
    '-0.99901', '0.00038', '-0.00003', '0.00038', '1.00000']
  '017.6666': ['1.934', '3.355', '0.080', '-0.99851', '-0.05464', '0.00024', '0.05465',
    '-0.99851', '0.00043', '0.00022', '0.00044', '1.00000']
  '017.7333': ['1.918', '3.356', '0.080', '-0.99798', '-0.06349', '0.00027', '0.06349',
    '-0.99798', '0.00043', '0.00024', '0.00044', '1.00000']
  '017.8000': ['1.903', '3.358', '0.080', '-0.99715', '-0.07547', '0.00028', '0.07547',
    '-0.99715', '0.00043', '0.00024', '0.00045', '1.00000']
