begin_time_stamp: 1583090698.3999953
data_header:
  time_stamp: [x, y, z, R11, R12, R13, R21, R22, R23, R31, R32, R33]
trajectory_data:
  '000.0000': ['2.755', '0.735', '0.080', '0.09678', '-0.99531', '0.00029', '0.99531',
    '0.09678', '0.00018', '-0.00021', '0.00027', '1.00000']
  '000.0667': ['2.750', '0.730', '0.080', '0.09656', '-0.99533', '0.00010', '0.99533',
    '0.09656', '0.00010', '-0.00011', '0.00009', '1.00000']
  '000.1333': ['2.750', '0.731', '0.080', '0.09707', '-0.99528', '0.00010', '0.99528',
    '0.09707', '0.00010', '-0.00011', '0.00009', '1.00000']
  '000.2000': ['2.750', '0.730', '0.080', '0.09746', '-0.99524', '0.00011', '0.99524',
    '0.09746', '0.00010', '-0.00011', '0.00010', '1.00000']
  '000.2667': ['2.750', '0.730', '0.080', '0.09702', '-0.99528', '0.00010', '0.99528',
    '0.09702', '0.00011', '-0.00012', '0.00009', '1.00000']
  '000.3333': ['2.750', '0.732', '0.080', '0.09684', '-0.99530', '0.00011', '0.99530',
    '0.09684', '0.00010', '-0.00011', '0.00010', '1.00000']
  '000.4000': ['2.747', '0.722', '0.080', '0.09557', '-0.99542', '0.00011', '0.99542',
    '0.09557', '0.00001', '-0.00002', '0.00011', '1.00000']
  '000.4667': ['2.747', '0.721', '0.080', '0.08468', '-0.99641', '-0.00006', '0.99641',
    '0.08468', '0.00001', '-0.00001', '-0.00006', '1.00000']
  '000.5333': ['2.735', '0.715', '0.080', '0.09663', '-0.99532', '-0.00046', '0.99532',
    '0.09663', '-0.00014', '0.00019', '-0.00044', '1.00000']
  '000.9333': ['2.759', '0.754', '0.080', '0.09851', '-0.99514', '0.00004', '0.99514',
    '0.09851', '0.00034', '-0.00035', '0.00001', '1.00000']
  '001.0000': ['2.754', '0.738', '0.080', '0.10946', '-0.99399', '0.00024', '0.99399',
    '0.10946', '0.00018', '-0.00020', '0.00022', '1.00000']
  '001.0667': ['2.754', '0.735', '0.080', '0.09663', '-0.99532', '0.00030', '0.99532',
    '0.09663', '0.00018', '-0.00021', '0.00028', '1.00000']
  '001.1333': ['2.750', '0.731', '0.080', '0.09614', '-0.99537', '0.00011', '0.99537',
    '0.09614', '0.00010', '-0.00011', '0.00010', '1.00000']
  '001.2000': ['2.750', '0.730', '0.080', '0.09631', '-0.99535', '0.00011', '0.99535',
    '0.09631', '0.00010', '-0.00011', '0.00009', '1.00000']
  '001.2667': ['2.750', '0.730', '0.080', '0.09581', '-0.99540', '0.00011', '0.99540',
    '0.09581', '0.00010', '-0.00011', '0.00010', '1.00000']
  '001.3333': ['2.748', '0.730', '0.080', '0.10510', '-0.99446', '0.00001', '0.99446',
    '0.10510', '0.00007', '-0.00007', '0.00001', '1.00000']
  '001.4000': ['2.750', '0.731', '0.080', '0.09800', '-0.99519', '0.00009', '0.99519',
    '0.09800', '0.00008', '-0.00009', '0.00009', '1.00000']
  '001.4667': ['2.751', '0.734', '0.080', '0.09631', '-0.99535', '0.00009', '0.99535',
    '0.09631', '0.00010', '-0.00011', '0.00008', '1.00000']
  '001.5333': ['2.748', '0.728', '0.080', '0.09413', '-0.99556', '0.00010', '0.99556',
    '0.09413', '0.00002', '-0.00003', '0.00010', '1.00000']
  '001.6000': ['2.748', '0.735', '0.080', '0.09678', '-0.99531', '0.00007', '0.99531',
    '0.09678', '0.00003', '-0.00004', '0.00007', '1.00000']
  '001.6667': ['2.750', '0.740', '0.080', '0.09508', '-0.99547', '0.00008', '0.99547',
    '0.09508', '0.00003', '-0.00004', '0.00008', '1.00000']
  '001.7333': ['2.749', '0.750', '0.080', '0.09415', '-0.99556', '0.00007', '0.99556',
    '0.09415', '0.00001', '-0.00002', '0.00007', '1.00000']
  '001.8000': ['2.750', '0.760', '0.080', '0.08585', '-0.99631', '0.00008', '0.99631',
    '0.08585', '0.00001', '-0.00001', '0.00008', '1.00000']
  '001.8667': ['2.754', '0.776', '0.080', '0.07815', '-0.99694', '0.00005', '0.99694',
    '0.07815', '0.00005', '-0.00005', '0.00004', '1.00000']
  '001.9333': ['2.748', '0.778', '0.080', '0.19273', '-0.98125', '0.00004', '0.98125',
    '0.19273', '0.00068', '-0.00067', '-0.00009', '1.00000']
  '002.0000': ['2.753', '0.792', '0.080', '0.06603', '-0.99782', '0.00005', '0.99782',
    '0.06603', '-0.00007', '0.00007', '0.00005', '1.00000']
  '002.0667': ['2.755', '0.803', '0.080', '0.06950', '-0.99758', '0.00003', '0.99758',
    '0.06950', '-0.00006', '0.00006', '0.00003', '1.00000']
  '002.1333': ['2.756', '0.814', '0.080', '0.07407', '-0.99725', '0.00005', '0.99725',
    '0.07407', '-0.00005', '0.00005', '0.00005', '1.00000']
  '002.2000': ['2.757', '0.825', '0.080', '0.07336', '-0.99731', '0.00003', '0.99731',
    '0.07336', '-0.00006', '0.00005', '0.00004', '1.00000']
  '002.2667': ['2.758', '0.834', '0.080', '0.07770', '-0.99698', '0.00002', '0.99698',
    '0.07770', '-0.00005', '0.00005', '0.00002', '1.00000']
  '002.3333': ['2.762', '0.851', '0.080', '0.09035', '-0.99591', '-0.00002', '0.99591',
    '0.09035', '-0.00000', '0.00000', '-0.00002', '1.00000']
  '002.4000': ['2.762', '0.862', '0.080', '0.08629', '-0.99627', '0.00001', '0.99627',
    '0.08629', '0.00000', '-0.00000', '0.00001', '1.00000']
  '002.4667': ['2.763', '0.872', '0.080', '0.08447', '-0.99643', '0.00001', '0.99643',
    '0.08447', '-0.00000', '-0.00000', '0.00001', '1.00000']
  '002.5333': ['2.764', '0.881', '0.080', '0.08240', '-0.99660', '0.00001', '0.99660',
    '0.08240', '-0.00000', '0.00000', '0.00001', '1.00000']
  '002.6000': ['2.761', '0.884', '0.080', '0.07237', '-0.99738', '0.00003', '0.99738',
    '0.07237', '-0.00004', '0.00004', '0.00003', '1.00000']
  '002.6667': ['2.763', '0.894', '0.080', '0.06773', '-0.99770', '0.00002', '0.99770',
    '0.06773', '-0.00004', '0.00003', '0.00002', '1.00000']
  '002.7333': ['2.763', '0.904', '0.080', '0.06814', '-0.99768', '0.00001', '0.99768',
    '0.06814', '-0.00005', '0.00005', '0.00001', '1.00000']
  '002.8000': ['2.764', '0.915', '0.080', '0.06705', '-0.99775', '-0.00001', '0.99775',
    '0.06705', '-0.00006', '0.00006', '-0.00001', '1.00000']
  '002.8667': ['2.765', '0.923', '0.080', '0.06851', '-0.99765', '-0.00002', '0.99765',
    '0.06851', '-0.00005', '0.00005', '-0.00001', '1.00000']
  '002.9333': ['2.765', '0.934', '0.080', '0.06871', '-0.99764', '-0.00003', '0.99764',
    '0.06871', '-0.00005', '0.00005', '-0.00003', '1.00000']
  '003.0000': ['2.766', '0.945', '0.080', '0.06602', '-0.99782', '-0.00004', '0.99782',
    '0.06602', '-0.00006', '0.00006', '-0.00004', '1.00000']
  '003.0667': ['2.767', '0.955', '0.080', '0.06141', '-0.99811', '-0.00003', '0.99811',
    '0.06141', '-0.00007', '0.00007', '-0.00003', '1.00000']
  '003.1333': ['2.767', '0.967', '0.080', '0.05707', '-0.99837', '-0.00002', '0.99837',
    '0.05707', '-0.00006', '0.00006', '-0.00001', '1.00000']
  '003.2000': ['2.768', '0.978', '0.080', '0.04937', '-0.99878', '-0.00002', '0.99878',
    '0.04937', '-0.00003', '0.00003', '-0.00002', '1.00000']
  '003.2667': ['2.768', '0.989', '0.080', '0.04226', '-0.99911', '-0.00002', '0.99911',
    '0.04226', '-0.00003', '0.00003', '-0.00002', '1.00000']
  '003.3333': ['2.769', '0.999', '0.080', '0.03035', '-0.99954', '-0.00001', '0.99954',
    '0.03035', '-0.00003', '0.00003', '-0.00001', '1.00000']
  '003.4000': ['2.768', '1.012', '0.080', '0.02389', '-0.99971', '-0.00001', '0.99971',
    '0.02389', '-0.00004', '0.00004', '-0.00000', '1.00000']
  '003.4667': ['2.768', '1.023', '0.080', '0.01785', '-0.99984', '0.00002', '0.99984',
    '0.01785', '-0.00003', '0.00003', '0.00002', '1.00000']
  '003.5333': ['2.769', '1.035', '0.080', '0.01518', '-0.99988', '0.00002', '0.99988',
    '0.01518', '-0.00002', '0.00002', '0.00002', '1.00000']
  '003.6000': ['2.768', '1.044', '0.080', '0.02064', '-0.99979', '0.00002', '0.99979',
    '0.02064', '-0.00002', '0.00002', '0.00002', '1.00000']
  '003.6667': ['2.768', '1.057', '0.080', '0.02276', '-0.99974', '0.00002', '0.99974',
    '0.02276', '-0.00002', '0.00002', '0.00002', '1.00000']
  '003.7333': ['2.768', '1.067', '0.080', '0.02187', '-0.99976', '0.00003', '0.99976',
    '0.02187', '-0.00002', '0.00002', '0.00003', '1.00000']
  '003.8000': ['2.768', '1.078', '0.080', '0.01758', '-0.99985', '0.00004', '0.99985',
    '0.01758', '-0.00001', '0.00001', '0.00004', '1.00000']
  '003.8667': ['2.768', '1.088', '0.080', '0.01115', '-0.99994', '0.00004', '0.99994',
    '0.01115', '-0.00000', '0.00000', '0.00004', '1.00000']
  '003.9333': ['2.768', '1.099', '0.080', '0.00460', '-0.99999', '0.00006', '0.99999',
    '0.00460', '-0.00001', '0.00001', '0.00006', '1.00000']
  '004.0000': ['2.768', '1.109', '0.080', '-0.00150', '-1.00000', '0.00007', '1.00000',
    '-0.00150', '0.00001', '-0.00001', '0.00007', '1.00000']
  '004.0667': ['2.768', '1.119', '0.080', '0.00084', '-1.00000', '0.00007', '1.00000',
    '0.00084', '0.00001', '-0.00001', '0.00007', '1.00000']
  '004.1333': ['2.768', '1.130', '0.080', '0.00242', '-1.00000', '0.00005', '1.00000',
    '0.00242', '0.00000', '-0.00000', '0.00005', '1.00000']
  '004.2000': ['2.767', '1.141', '0.080', '0.00247', '-1.00000', '0.00005', '1.00000',
    '0.00247', '-0.00002', '0.00002', '0.00005', '1.00000']
  '004.2667': ['2.763', '1.145', '0.080', '-0.00286', '-1.00000', '-0.00017', '1.00000',
    '-0.00286', '-0.00013', '0.00013', '-0.00017', '1.00000']
  '004.3333': ['2.762', '1.156', '0.080', '-0.00456', '-0.99999', '-0.00017', '0.99999',
    '-0.00456', '-0.00014', '0.00014', '-0.00017', '1.00000']
  '004.4000': ['2.763', '1.164', '0.080', '-0.00565', '-0.99998', '-0.00018', '0.99998',
    '-0.00565', '-0.00013', '0.00012', '-0.00018', '1.00000']
  '004.4667': ['2.763', '1.173', '0.080', '-0.00821', '-0.99997', '-0.00017', '0.99997',
    '-0.00821', '-0.00012', '0.00012', '-0.00017', '1.00000']
  '004.5333': ['2.761', '1.185', '0.080', '-0.01551', '-0.99988', '-0.00015', '0.99988',
    '-0.01551', '-0.00013', '0.00013', '-0.00015', '1.00000']
  '004.6000': ['2.762', '1.195', '0.080', '-0.02073', '-0.99979', '-0.00015', '0.99979',
    '-0.02073', '-0.00013', '0.00012', '-0.00015', '1.00000']
  '004.6667': ['2.761', '1.206', '0.080', '-0.02526', '-0.99968', '-0.00013', '0.99968',
    '-0.02526', '-0.00011', '0.00011', '-0.00013', '1.00000']
  '004.7333': ['2.761', '1.218', '0.080', '-0.02653', '-0.99965', '-0.00013', '0.99965',
    '-0.02653', '-0.00009', '0.00008', '-0.00013', '1.00000']
  '004.8000': ['2.761', '1.228', '0.080', '-0.02869', '-0.99959', '-0.00014', '0.99959',
    '-0.02869', '-0.00004', '0.00003', '-0.00014', '1.00000']
  '004.8667': ['2.760', '1.237', '0.080', '-0.02871', '-0.99959', '-0.00011', '0.99959',
    '-0.02871', '0.00000', '-0.00000', '-0.00011', '1.00000']
  '004.9333': ['2.760', '1.247', '0.080', '-0.02761', '-0.99962', '-0.00012', '0.99962',
    '-0.02761', '0.00001', '-0.00002', '-0.00011', '1.00000']
  '005.0000': ['2.759', '1.259', '0.080', '-0.02255', '-0.99975', '-0.00011', '0.99975',
    '-0.02255', '0.00002', '-0.00003', '-0.00011', '1.00000']
  '005.0667': ['2.759', '1.268', '0.080', '-0.02127', '-0.99977', '-0.00011', '0.99977',
    '-0.02127', '0.00004', '-0.00004', '-0.00011', '1.00000']
  '005.1333': ['2.759', '1.277', '0.080', '-0.02103', '-0.99978', '-0.00012', '0.99978',
    '-0.02103', '0.00004', '-0.00004', '-0.00012', '1.00000']
  '005.2000': ['2.759', '1.290', '0.080', '-0.02004', '-0.99980', '-0.00011', '0.99980',
    '-0.02004', '0.00005', '-0.00005', '-0.00010', '1.00000']
  '005.2667': ['2.758', '1.304', '0.080', '-0.00877', '-0.99996', '-0.00011', '0.99996',
    '-0.00877', '0.00004', '-0.00004', '-0.00010', '1.00000']
  '005.3333': ['2.758', '1.315', '0.080', '-0.00021', '-1.00000', '-0.00010', '1.00000',
    '-0.00021', '0.00005', '-0.00005', '-0.00010', '1.00000']
  '005.4000': ['2.758', '1.327', '0.080', '0.00953', '-0.99995', '-0.00011', '0.99995',
    '0.00953', '0.00004', '-0.00004', '-0.00011', '1.00000']
  '005.4667': ['2.762', '1.341', '0.080', '0.07420', '-0.99724', '0.00039', '0.99724',
    '0.07420', '-0.00067', '0.00064', '0.00044', '1.00000']
  '005.5333': ['2.766', '1.345', '0.080', '0.00750', '-0.99997', '-0.00013', '0.99997',
    '0.00750', '-0.00021', '0.00021', '-0.00013', '1.00000']
  '005.6000': ['2.765', '1.358', '0.080', '0.02020', '-0.99980', '-0.00014', '0.99980',
    '0.02020', '-0.00019', '0.00019', '-0.00013', '1.00000']
  '005.6667': ['2.765', '1.371', '0.080', '0.02990', '-0.99955', '-0.00014', '0.99955',
    '0.02990', '-0.00017', '0.00018', '-0.00013', '1.00000']
  '005.7333': ['2.767', '1.385', '0.080', '0.04511', '-0.99898', '-0.00014', '0.99898',
    '0.04511', '-0.00015', '0.00015', '-0.00013', '1.00000']
  '005.8000': ['2.766', '1.400', '0.080', '0.05648', '-0.99840', '-0.00011', '0.99840',
    '0.05648', '-0.00013', '0.00014', '-0.00010', '1.00000']
  '005.8667': ['2.767', '1.416', '0.080', '0.06908', '-0.99761', '-0.00011', '0.99761',
    '0.06908', '-0.00012', '0.00012', '-0.00010', '1.00000']
  '005.9333': ['2.767', '1.429', '0.080', '0.08131', '-0.99669', '-0.00009', '0.99669',
    '0.08131', '-0.00011', '0.00012', '-0.00008', '1.00000']
  '006.0000': ['2.768', '1.441', '0.080', '0.09260', '-0.99570', '-0.00010', '0.99570',
    '0.09260', '-0.00010', '0.00011', '-0.00009', '1.00000']
  '006.0667': ['2.770', '1.454', '0.080', '0.10868', '-0.99408', '-0.00009', '0.99408',
    '0.10868', '-0.00007', '0.00008', '-0.00008', '1.00000']
  '006.1333': ['2.771', '1.467', '0.080', '0.12337', '-0.99236', '-0.00009', '0.99236',
    '0.12337', '-0.00007', '0.00008', '-0.00008', '1.00000']
  '006.2000': ['2.772', '1.478', '0.080', '0.12960', '-0.99157', '-0.00008', '0.99157',
    '0.12960', '-0.00008', '0.00009', '-0.00007', '1.00000']
  '006.2667': ['2.774', '1.491', '0.080', '0.13554', '-0.99077', '-0.00008', '0.99077',
    '0.13554', '-0.00007', '0.00008', '-0.00007', '1.00000']
  '006.3333': ['2.775', '1.504', '0.080', '0.13336', '-0.99107', '-0.00008', '0.99107',
    '0.13336', '-0.00006', '0.00007', '-0.00007', '1.00000']
  '006.4000': ['2.777', '1.518', '0.080', '0.13177', '-0.99128', '-0.00009', '0.99128',
    '0.13177', '-0.00005', '0.00007', '-0.00008', '1.00000']
  '006.4667': ['2.779', '1.529', '0.080', '0.12960', '-0.99157', '-0.00008', '0.99157',
    '0.12960', '-0.00005', '0.00006', '-0.00008', '1.00000']
  '006.5333': ['2.781', '1.539', '0.080', '0.12543', '-0.99210', '-0.00011', '0.99210',
    '0.12543', '-0.00003', '0.00005', '-0.00010', '1.00000']
  '006.6000': ['2.781', '1.553', '0.080', '0.11811', '-0.99300', '-0.00010', '0.99300',
    '0.11811', '-0.00002', '0.00003', '-0.00009', '1.00000']
  '006.6667': ['2.787', '1.559', '0.080', '0.12346', '-0.99235', '0.00001', '0.99235',
    '0.12346', '-0.00001', '0.00000', '0.00001', '1.00000']
  '006.7333': ['2.788', '1.574', '0.080', '0.11330', '-0.99356', '-0.00000', '0.99356',
    '0.11330', '0.00002', '-0.00002', '-0.00000', '1.00000']
  '006.8000': ['2.789', '1.586', '0.080', '0.10978', '-0.99396', '0.00000', '0.99396',
    '0.10978', '0.00004', '-0.00004', '-0.00000', '1.00000']
  '006.8667': ['2.792', '1.602', '0.080', '0.09676', '-0.99531', '0.00001', '0.99531',
    '0.09676', '0.00005', '-0.00005', '0.00001', '1.00000']
  '006.9333': ['2.793', '1.613', '0.080', '0.08946', '-0.99599', '0.00002', '0.99599',
    '0.08946', '0.00007', '-0.00007', '0.00001', '1.00000']
  '007.0000': ['2.795', '1.628', '0.080', '0.07924', '-0.99686', '0.00003', '0.99686',
    '0.07924', '0.00009', '-0.00009', '0.00002', '1.00000']
  '007.0667': ['2.795', '1.643', '0.080', '0.07322', '-0.99732', '0.00005', '0.99732',
    '0.07322', '0.00012', '-0.00012', '0.00004', '1.00000']
  '007.1333': ['2.797', '1.655', '0.080', '0.07411', '-0.99725', '0.00007', '0.99725',
    '0.07411', '0.00014', '-0.00015', '0.00006', '1.00000']
  '007.2000': ['2.799', '1.669', '0.080', '0.07355', '-0.99729', '0.00010', '0.99729',
    '0.07355', '0.00014', '-0.00015', '0.00009', '1.00000']
  '007.2667': ['2.799', '1.683', '0.080', '0.07161', '-0.99743', '0.00015', '0.99743',
    '0.07161', '0.00015', '-0.00016', '0.00014', '1.00000']
  '007.3333': ['2.802', '1.698', '0.080', '0.07033', '-0.99752', '0.00020', '0.99752',
    '0.07033', '0.00016', '-0.00018', '0.00019', '1.00000']
  '007.4000': ['2.802', '1.710', '0.080', '0.06442', '-0.99792', '0.00023', '0.99792',
    '0.06442', '0.00016', '-0.00018', '0.00022', '1.00000']
  '007.4667': ['2.805', '1.722', '0.080', '0.06251', '-0.99804', '0.00020', '0.99804',
    '0.06251', '0.00018', '-0.00019', '0.00019', '1.00000']
  '007.5333': ['2.808', '1.727', '0.080', '0.06970', '-0.99757', '0.00032', '0.99757',
    '0.06970', '0.00011', '-0.00013', '0.00031', '1.00000']
  '007.6000': ['2.810', '1.736', '0.080', '0.06973', '-0.99757', '0.00030', '0.99757',
    '0.06973', '0.00012', '-0.00014', '0.00029', '1.00000']
  '007.6667': ['2.811', '1.751', '0.080', '0.06459', '-0.99791', '0.00030', '0.99791',
    '0.06459', '0.00016', '-0.00018', '0.00028', '1.00000']
  '007.7333': ['2.812', '1.762', '0.080', '0.06322', '-0.99800', '0.00028', '0.99800',
    '0.06322', '0.00013', '-0.00015', '0.00027', '1.00000']
  '007.8000': ['2.812', '1.774', '0.080', '0.06671', '-0.99777', '0.00026', '0.99777',
    '0.06671', '0.00012', '-0.00013', '0.00025', '1.00000']
  '007.8667': ['2.814', '1.788', '0.080', '0.06714', '-0.99774', '0.00024', '0.99774',
    '0.06714', '0.00009', '-0.00011', '0.00023', '1.00000']
  '007.9333': ['2.816', '1.801', '0.080', '0.06160', '-0.99810', '0.00026', '0.99810',
    '0.06160', '0.00008', '-0.00009', '0.00025', '1.00000']
  '008.0000': ['2.816', '1.814', '0.080', '0.05081', '-0.99871', '0.00027', '0.99871',
    '0.05081', '0.00004', '-0.00005', '0.00027', '1.00000']
  '008.0667': ['2.817', '1.824', '0.080', '0.04169', '-0.99913', '0.00026', '0.99913',
    '0.04169', '0.00002', '-0.00003', '0.00026', '1.00000']
  '008.1333': ['2.818', '1.838', '0.080', '0.03042', '-0.99954', '0.00028', '0.99954',
    '0.03042', '-0.00000', '-0.00001', '0.00028', '1.00000']
  '008.2000': ['2.818', '1.852', '0.080', '0.02373', '-0.99972', '0.00027', '0.99972',
    '0.02373', '0.00004', '-0.00005', '0.00027', '1.00000']
  '008.2667': ['2.819', '1.865', '0.080', '0.02413', '-0.99971', '0.00029', '0.99971',
    '0.02413', '0.00006', '-0.00007', '0.00029', '1.00000']
  '008.3333': ['2.820', '1.878', '0.080', '0.02682', '-0.99964', '0.00028', '0.99964',
    '0.02682', '0.00006', '-0.00007', '0.00028', '1.00000']
  '008.4000': ['2.820', '1.890', '0.080', '0.02665', '-0.99964', '0.00027', '0.99964',
    '0.02665', '0.00006', '-0.00007', '0.00027', '1.00000']
  '008.4667': ['2.820', '1.900', '0.080', '0.02208', '-0.99976', '0.00028', '0.99976',
    '0.02208', '0.00006', '-0.00007', '0.00028', '1.00000']
  '008.5333': ['2.821', '1.913', '0.080', '0.01239', '-0.99992', '0.00028', '0.99992',
    '0.01239', '0.00006', '-0.00007', '0.00028', '1.00000']
  '008.6000': ['2.821', '1.923', '0.080', '0.00561', '-0.99998', '0.00028', '0.99998',
    '0.00561', '0.00006', '-0.00007', '0.00028', '1.00000']
  '008.6667': ['2.821', '1.933', '0.080', '-0.00307', '-1.00000', '0.00029', '1.00000',
    '-0.00307', '0.00008', '-0.00008', '0.00029', '1.00000']
  '008.7333': ['2.822', '1.944', '0.080', '-0.01880', '-0.99982', '0.00028', '0.99982',
    '-0.01880', '0.00007', '-0.00007', '0.00028', '1.00000']
  '008.8000': ['2.823', '1.955', '0.080', '-0.03105', '-0.99952', '0.00028', '0.99952',
    '-0.03105', '0.00009', '-0.00008', '0.00029', '1.00000']
  '008.8667': ['2.822', '1.967', '0.080', '-0.04111', '-0.99915', '0.00026', '0.99915',
    '-0.04111', '0.00008', '-0.00007', '0.00027', '1.00000']
  '008.9333': ['2.822', '1.980', '0.080', '-0.04824', '-0.99884', '0.00025', '0.99884',
    '-0.04824', '0.00007', '-0.00006', '0.00025', '1.00000']
  '009.0000': ['2.822', '1.992', '0.080', '-0.06021', '-0.99819', '0.00023', '0.99819',
    '-0.06021', '0.00006', '-0.00005', '0.00024', '1.00000']
  '009.0667': ['2.819', '2.003', '0.080', '-0.06896', '-0.99762', '0.00025', '0.99762',
    '-0.06896', '0.00007', '-0.00005', '0.00026', '1.00000']
  '009.1333': ['2.821', '2.015', '0.080', '-0.07549', '-0.99715', '0.00024', '0.99715',
    '-0.07549', '0.00007', '-0.00005', '0.00025', '1.00000']
  '009.2000': ['2.818', '2.026', '0.080', '-0.08151', '-0.99667', '0.00024', '0.99667',
    '-0.08151', '0.00007', '-0.00005', '0.00025', '1.00000']
  '009.2667': ['2.820', '2.040', '0.080', '-0.08582', '-0.99631', '0.00023', '0.99631',
    '-0.08582', '0.00008', '-0.00006', '0.00024', '1.00000']
  '009.3333': ['2.818', '2.053', '0.080', '-0.09315', '-0.99565', '0.00025', '0.99565',
    '-0.09315', '0.00008', '-0.00005', '0.00025', '1.00000']
  '009.4000': ['2.818', '2.064', '0.080', '-0.09983', '-0.99500', '0.00025', '0.99500',
    '-0.09983', '0.00008', '-0.00006', '0.00025', '1.00000']
  '009.4667': ['2.817', '2.077', '0.080', '-0.10470', '-0.99450', '0.00025', '0.99450',
    '-0.10470', '0.00009', '-0.00007', '0.00025', '1.00000']
  '009.5333': ['2.817', '2.088', '0.080', '-0.09971', '-0.99502', '0.00024', '0.99502',
    '-0.09971', '0.00010', '-0.00007', '0.00025', '1.00000']
  '009.6000': ['2.814', '2.096', '0.080', '-0.09409', '-0.99556', '0.00025', '0.99556',
    '-0.09409', '0.00010', '-0.00008', '0.00026', '1.00000']
  '009.6667': ['2.815', '2.109', '0.080', '-0.09624', '-0.99536', '0.00023', '0.99536',
    '-0.09624', '0.00011', '-0.00009', '0.00024', '1.00000']
  '009.7333': ['2.814', '2.122', '0.080', '-0.09795', '-0.99519', '0.00024', '0.99519',
    '-0.09795', '0.00011', '-0.00009', '0.00025', '1.00000']
  '009.8000': ['2.815', '2.133', '0.080', '-0.09682', '-0.99530', '0.00023', '0.99530',
    '-0.09682', '0.00013', '-0.00011', '0.00024', '1.00000']
  '009.8667': ['2.812', '2.142', '0.080', '-0.10350', '-0.99463', '0.00023', '0.99463',
    '-0.10350', '0.00013', '-0.00010', '0.00025', '1.00000']
  '009.9333': ['2.812', '2.156', '0.080', '-0.11211', '-0.99370', '0.00020', '0.99370',
    '-0.11211', '0.00014', '-0.00011', '0.00022', '1.00000']
  '010.0000': ['2.811', '2.167', '0.080', '-0.12235', '-0.99249', '0.00020', '0.99249',
    '-0.12235', '0.00013', '-0.00011', '0.00022', '1.00000']
  '010.0667': ['2.810', '2.179', '0.080', '-0.12418', '-0.99226', '0.00017', '0.99226',
    '-0.12418', '0.00015', '-0.00013', '0.00018', '1.00000']
  '010.1333': ['2.808', '2.192', '0.080', '-0.13023', '-0.99148', '0.00016', '0.99148',
    '-0.13023', '0.00016', '-0.00013', '0.00017', '1.00000']
  '010.2000': ['2.808', '2.203', '0.080', '-0.13702', '-0.99057', '0.00016', '0.99057',
    '-0.13702', '0.00017', '-0.00015', '0.00019', '1.00000']
  '010.2667': ['2.808', '2.218', '0.080', '-0.13929', '-0.99025', '0.00015', '0.99025',
    '-0.13929', '0.00018', '-0.00016', '0.00018', '1.00000']
  '010.3333': ['2.806', '2.225', '0.080', '-0.13855', '-0.99036', '0.00016', '0.99036',
    '-0.13855', '0.00020', '-0.00018', '0.00018', '1.00000']
  '010.4000': ['2.805', '2.237', '0.080', '-0.13929', '-0.99025', '0.00015', '0.99025',
    '-0.13929', '0.00023', '-0.00021', '0.00018', '1.00000']
  '010.4667': ['2.806', '2.253', '0.080', '-0.14018', '-0.99013', '0.00013', '0.99013',
    '-0.14018', '0.00022', '-0.00020', '0.00016', '1.00000']
  '010.5333': ['2.804', '2.268', '0.080', '-0.13660', '-0.99063', '0.00013', '0.99063',
    '-0.13660', '0.00021', '-0.00019', '0.00016', '1.00000']
  '010.6000': ['2.802', '2.280', '0.080', '-0.12798', '-0.99178', '0.00013', '0.99178',
    '-0.12798', '0.00022', '-0.00021', '0.00016', '1.00000']
  '010.6667': ['2.806', '2.296', '0.080', '-0.11825', '-0.99298', '0.00026', '0.99298',
    '-0.11825', '0.00013', '-0.00010', '0.00027', '1.00000']
  '010.7333': ['2.805', '2.306', '0.080', '-0.10819', '-0.99413', '0.00025', '0.99413',
    '-0.10819', '0.00015', '-0.00012', '0.00026', '1.00000']
  '010.8000': ['2.804', '2.319', '0.080', '-0.09585', '-0.99540', '0.00025', '0.99540',
    '-0.09585', '0.00017', '-0.00014', '0.00027', '1.00000']
  '010.8667': ['2.803', '2.331', '0.080', '-0.08481', '-0.99640', '0.00025', '0.99640',
    '-0.08481', '0.00017', '-0.00015', '0.00026', '1.00000']
  '010.9333': ['2.802', '2.341', '0.080', '-0.07640', '-0.99708', '0.00023', '0.99708',
    '-0.07640', '0.00015', '-0.00013', '0.00024', '1.00000']
  '011.0000': ['2.801', '2.354', '0.080', '-0.06877', '-0.99763', '0.00024', '0.99763',
    '-0.06877', '0.00017', '-0.00015', '0.00025', '1.00000']
  '011.0667': ['2.801', '2.364', '0.080', '-0.06329', '-0.99800', '0.00024', '0.99800',
    '-0.06329', '0.00017', '-0.00016', '0.00025', '1.00000']
  '011.1333': ['2.800', '2.376', '0.080', '-0.05758', '-0.99834', '0.00021', '0.99834',
    '-0.05758', '0.00016', '-0.00015', '0.00022', '1.00000']
  '011.2000': ['2.799', '2.387', '0.080', '-0.05529', '-0.99847', '0.00021', '0.99847',
    '-0.05529', '0.00017', '-0.00015', '0.00022', '1.00000']
  '011.2667': ['2.785', '2.390', '0.080', '-0.06585', '-0.99783', '0.00028', '0.99783',
    '-0.06585', '0.00002', '-0.00000', '0.00028', '1.00000']
  '011.3333': ['2.784', '2.402', '0.080', '-0.05825', '-0.99830', '0.00027', '0.99830',
    '-0.05825', '0.00002', '-0.00000', '0.00027', '1.00000']
  '011.4000': ['2.783', '2.416', '0.080', '-0.05575', '-0.99844', '0.00028', '0.99844',
    '-0.05575', '0.00003', '-0.00001', '0.00028', '1.00000']
  '011.4667': ['2.783', '2.427', '0.080', '-0.05506', '-0.99848', '0.00027', '0.99848',
    '-0.05506', '0.00003', '-0.00002', '0.00028', '1.00000']
  '011.5333': ['2.782', '2.440', '0.080', '-0.05296', '-0.99860', '0.00028', '0.99860',
    '-0.05296', '0.00006', '-0.00004', '0.00029', '1.00000']
  '011.6000': ['2.782', '2.451', '0.080', '-0.05116', '-0.99869', '0.00029', '0.99869',
    '-0.05116', '0.00006', '-0.00005', '0.00029', '1.00000']
  '011.6667': ['2.781', '2.464', '0.080', '-0.04666', '-0.99891', '0.00028', '0.99891',
    '-0.04666', '0.00009', '-0.00007', '0.00029', '1.00000']
  '011.7333': ['2.781', '2.474', '0.080', '-0.04243', '-0.99910', '0.00030', '0.99910',
    '-0.04243', '0.00009', '-0.00008', '0.00030', '1.00000']
  '011.8000': ['2.780', '2.485', '0.080', '-0.03745', '-0.99930', '0.00031', '0.99930',
    '-0.03745', '0.00009', '-0.00008', '0.00031', '1.00000']
  '011.8667': ['2.780', '2.499', '0.080', '-0.02593', '-0.99966', '0.00032', '0.99966',
    '-0.02593', '0.00011', '-0.00010', '0.00032', '1.00000']
  '011.9333': ['2.779', '2.508', '0.080', '-0.01508', '-0.99989', '0.00032', '0.99989',
    '-0.01508', '0.00012', '-0.00012', '0.00032', '1.00000']
  '012.0000': ['2.779', '2.521', '0.080', '-0.00609', '-0.99998', '0.00032', '0.99998',
    '-0.00609', '0.00013', '-0.00013', '0.00032', '1.00000']
  '012.0667': ['2.779', '2.531', '0.080', '-0.00025', '-1.00000', '0.00033', '1.00000',
    '-0.00025', '0.00013', '-0.00013', '0.00033', '1.00000']
  '012.1333': ['2.778', '2.543', '0.080', '0.00225', '-1.00000', '0.00033', '1.00000',
    '0.00225', '0.00014', '-0.00014', '0.00033', '1.00000']
  '012.2000': ['2.778', '2.555', '0.080', '0.00418', '-0.99999', '0.00033', '0.99999',
    '0.00418', '0.00014', '-0.00014', '0.00033', '1.00000']
  '012.2667': ['2.778', '2.565', '0.080', '0.00303', '-1.00000', '0.00034', '1.00000',
    '0.00303', '0.00015', '-0.00015', '0.00034', '1.00000']
  '012.3333': ['2.778', '2.576', '0.080', '0.00337', '-0.99999', '0.00033', '0.99999',
    '0.00337', '0.00016', '-0.00016', '0.00033', '1.00000']
  '012.4000': ['2.777', '2.589', '0.080', '0.00694', '-0.99998', '0.00033', '0.99998',
    '0.00694', '0.00017', '-0.00018', '0.00033', '1.00000']
  '012.4667': ['2.776', '2.602', '0.080', '0.01267', '-0.99992', '0.00033', '0.99992',
    '0.01267', '0.00018', '-0.00018', '0.00033', '1.00000']
  '012.5333': ['2.777', '2.611', '0.080', '0.01805', '-0.99984', '0.00032', '0.99984',
    '0.01805', '0.00018', '-0.00019', '0.00031', '1.00000']
  '012.6000': ['2.777', '2.624', '0.080', '0.02815', '-0.99960', '0.00031', '0.99960',
    '0.02815', '0.00018', '-0.00019', '0.00031', '1.00000']
  '012.6667': ['2.777', '2.639', '0.080', '0.03513', '-0.99938', '0.00034', '0.99938',
    '0.03513', '0.00020', '-0.00021', '0.00033', '1.00000']
  '012.7333': ['2.777', '2.649', '0.080', '0.04053', '-0.99918', '0.00035', '0.99918',
    '0.04053', '0.00021', '-0.00022', '0.00034', '1.00000']
  '012.8000': ['2.778', '2.659', '0.080', '0.04547', '-0.99897', '0.00033', '0.99897',
    '0.04547', '0.00022', '-0.00024', '0.00032', '1.00000']
  '012.8667': ['2.778', '2.676', '0.080', '0.04487', '-0.99899', '0.00035', '0.99899',
    '0.04487', '0.00023', '-0.00024', '0.00034', '1.00000']
  '012.9333': ['2.778', '2.687', '0.080', '0.04306', '-0.99907', '0.00037', '0.99907',
    '0.04306', '0.00023', '-0.00025', '0.00036', '1.00000']
  '013.0000': ['2.778', '2.698', '0.080', '0.05055', '-0.99872', '0.00037', '0.99872',
    '0.05055', '0.00024', '-0.00026', '0.00036', '1.00000']
  '013.0667': ['2.780', '2.711', '0.080', '0.06471', '-0.99790', '0.00038', '0.99790',
    '0.06471', '0.00025', '-0.00027', '0.00036', '1.00000']
  '013.1333': ['2.780', '2.723', '0.080', '0.08242', '-0.99660', '0.00036', '0.99660',
    '0.08242', '0.00025', '-0.00028', '0.00034', '1.00000']
  '013.2000': ['2.780', '2.733', '0.080', '0.09108', '-0.99584', '0.00035', '0.99584',
    '0.09108', '0.00027', '-0.00030', '0.00033', '1.00000']
  '013.2667': ['2.780', '2.743', '0.080', '0.09232', '-0.99573', '0.00035', '0.99573',
    '0.09232', '0.00028', '-0.00032', '0.00032', '1.00000']
  '013.3333': ['2.781', '2.756', '0.080', '0.09128', '-0.99583', '0.00033', '0.99583',
    '0.09128', '0.00029', '-0.00031', '0.00030', '1.00000']
  '013.4000': ['2.784', '2.773', '0.080', '0.09041', '-0.99590', '0.00037', '0.99590',
    '0.09041', '0.00030', '-0.00034', '0.00034', '1.00000']
  '013.4667': ['2.787', '2.785', '0.080', '0.08620', '-0.99628', '0.00039', '0.99628',
    '0.08620', '0.00032', '-0.00035', '0.00036', '1.00000']
  '013.5333': ['2.787', '2.798', '0.080', '0.08245', '-0.99659', '0.00037', '0.99659',
    '0.08245', '0.00030', '-0.00033', '0.00034', '1.00000']
  '013.6000': ['2.786', '2.797', '0.080', '0.07867', '-0.99690', '0.00029', '0.99690',
    '0.07867', '0.00025', '-0.00027', '0.00027', '1.00000']
  '013.6667': ['2.784', '2.808', '0.080', '0.07135', '-0.99745', '0.00027', '0.99745',
    '0.07135', '0.00025', '-0.00027', '0.00025', '1.00000']
  '013.7333': ['2.785', '2.818', '0.080', '0.06474', '-0.99790', '0.00026', '0.99790',
    '0.06474', '0.00025', '-0.00027', '0.00024', '1.00000']
  '013.8000': ['2.786', '2.831', '0.080', '0.05682', '-0.99838', '0.00027', '0.99838',
    '0.05682', '0.00024', '-0.00025', '0.00026', '1.00000']
  '013.8667': ['2.787', '2.842', '0.080', '0.05058', '-0.99872', '0.00027', '0.99872',
    '0.05058', '0.00023', '-0.00024', '0.00026', '1.00000']
  '013.9333': ['2.787', '2.852', '0.080', '0.04743', '-0.99887', '0.00026', '0.99887',
    '0.04743', '0.00022', '-0.00023', '0.00025', '1.00000']
  '014.0000': ['2.788', '2.868', '0.080', '0.03633', '-0.99934', '0.00027', '0.99934',
    '0.03633', '0.00024', '-0.00025', '0.00026', '1.00000']
  '014.0667': ['2.789', '2.880', '0.080', '0.02424', '-0.99971', '0.00028', '0.99971',
    '0.02424', '0.00026', '-0.00026', '0.00027', '1.00000']
  '014.1333': ['2.789', '2.896', '0.080', '0.00548', '-0.99998', '0.00028', '0.99998',
    '0.00548', '0.00025', '-0.00025', '0.00028', '1.00000']
  '014.2000': ['2.791', '2.907', '0.080', '-0.00380', '-0.99999', '0.00029', '0.99999',
    '-0.00380', '0.00028', '-0.00028', '0.00029', '1.00000']
  '014.2667': ['2.791', '2.917', '0.080', '-0.01233', '-0.99992', '0.00027', '0.99992',
    '-0.01233', '0.00029', '-0.00029', '0.00027', '1.00000']
  '014.3333': ['2.791', '2.928', '0.080', '-0.02674', '-0.99964', '0.00025', '0.99964',
    '-0.02674', '0.00027', '-0.00026', '0.00025', '1.00000']
  '014.4000': ['2.790', '2.937', '0.080', '-0.04124', '-0.99915', '0.00027', '0.99915',
    '-0.04124', '0.00026', '-0.00025', '0.00028', '1.00000']
  '014.4667': ['2.790', '2.948', '0.080', '-0.05737', '-0.99835', '0.00025', '0.99835',
    '-0.05737', '0.00028', '-0.00026', '0.00027', '1.00000']
  '014.5333': ['2.789', '2.958', '0.080', '-0.06338', '-0.99799', '0.00025', '0.99799',
    '-0.06338', '0.00027', '-0.00025', '0.00027', '1.00000']
  '014.6000': ['2.786', '2.968', '0.080', '-0.07656', '-0.99706', '0.00028', '0.99706',
    '-0.07656', '0.00029', '-0.00027', '0.00030', '1.00000']
  '014.6667': ['2.787', '2.979', '0.080', '-0.09548', '-0.99543', '0.00026', '0.99543',
    '-0.09548', '0.00031', '-0.00029', '0.00029', '1.00000']
  '014.7333': ['2.786', '2.988', '0.080', '-0.10885', '-0.99406', '0.00026', '0.99406',
    '-0.10885', '0.00034', '-0.00030', '0.00030', '1.00000']
  '014.8000': ['2.783', '2.999', '0.080', '-0.12666', '-0.99195', '0.00029', '0.99195',
    '-0.12666', '0.00035', '-0.00031', '0.00033', '1.00000']
  '014.8667': ['2.782', '3.010', '0.080', '-0.14352', '-0.98965', '0.00026', '0.98965',
    '-0.14352', '0.00039', '-0.00034', '0.00031', '1.00000']
  '014.9333': ['2.780', '3.019', '0.080', '-0.15437', '-0.98801', '0.00024', '0.98801',
    '-0.15437', '0.00045', '-0.00040', '0.00030', '1.00000']
  '015.0000': ['2.781', '3.034', '0.080', '-0.17186', '-0.98512', '0.00026', '0.98512',
    '-0.17186', '0.00049', '-0.00044', '0.00034', '1.00000']
  '015.0667': ['2.779', '3.045', '0.080', '-0.18704', '-0.98235', '0.00026', '0.98235',
    '-0.18704', '0.00052', '-0.00047', '0.00036', '1.00000']
  '015.1333': ['2.775', '3.060', '0.080', '-0.20319', '-0.97914', '0.00027', '0.97914',
    '-0.20319', '0.00056', '-0.00050', '0.00038', '1.00000']
  '015.2000': ['2.774', '3.069', '0.080', '-0.21923', '-0.97567', '0.00026', '0.97567',
    '-0.21923', '0.00059', '-0.00052', '0.00038', '1.00000']
  '015.2667': ['2.772', '3.080', '0.080', '-0.23189', '-0.97274', '0.00025', '0.97274',
    '-0.23189', '0.00059', '-0.00051', '0.00038', '1.00000']
  '015.3333': ['2.770', '3.090', '0.080', '-0.24320', '-0.96998', '0.00024', '0.96998',
    '-0.24320', '0.00059', '-0.00051', '0.00038', '1.00000']
  '015.4000': ['2.769', '3.101', '0.080', '-0.25232', '-0.96764', '0.00025', '0.96764',
    '-0.25232', '0.00061', '-0.00053', '0.00040', '1.00000']
  '015.4667': ['2.768', '3.117', '0.080', '-0.27170', '-0.96238', '0.00024', '0.96238',
    '-0.27170', '0.00059', '-0.00050', '0.00039', '1.00000']
  '015.5333': ['2.765', '3.127', '0.080', '-0.29524', '-0.95542', '0.00023', '0.95542',
    '-0.29524', '0.00059', '-0.00050', '0.00039', '1.00000']
  '015.6000': ['2.762', '3.137', '0.080', '-0.31476', '-0.94917', '0.00022', '0.94917',
    '-0.31476', '0.00059', '-0.00049', '0.00040', '1.00000']
  '015.6667': ['2.760', '3.147', '0.080', '-0.33888', '-0.94083', '0.00019', '0.94083',
    '-0.33888', '0.00060', '-0.00050', '0.00038', '1.00000']
  '015.7333': ['2.751', '3.151', '0.080', '-0.39871', '-0.91708', '0.00028', '0.91708',
    '-0.39871', '0.00062', '-0.00046', '0.00050', '1.00000']
  '015.8000': ['2.746', '3.164', '0.080', '-0.44079', '-0.89761', '0.00028', '0.89761',
    '-0.44079', '0.00062', '-0.00043', '0.00052', '1.00000']
  '015.8667': ['2.740', '3.173', '0.080', '-0.47777', '-0.87849', '0.00028', '0.87849',
    '-0.47777', '0.00063', '-0.00042', '0.00054', '1.00000']
  '015.9333': ['2.734', '3.185', '0.080', '-0.52489', '-0.85117', '0.00024', '0.85117',
    '-0.52489', '0.00062', '-0.00040', '0.00053', '1.00000']
  '016.0000': ['2.728', '3.195', '0.080', '-0.55734', '-0.83029', '0.00024', '0.83029',
    '-0.55734', '0.00059', '-0.00036', '0.00053', '1.00000']
  '016.0667': ['2.721', '3.205', '0.080', '-0.59442', '-0.80416', '0.00023', '0.80416',
    '-0.59442', '0.00059', '-0.00034', '0.00054', '1.00000']
  '016.1333': ['2.714', '3.216', '0.080', '-0.63768', '-0.77030', '0.00021', '0.77030',
    '-0.63768', '0.00061', '-0.00034', '0.00055', '1.00000']
  '016.2000': ['2.706', '3.226', '0.080', '-0.67399', '-0.73874', '0.00019', '0.73874',
    '-0.67399', '0.00061', '-0.00032', '0.00055', '1.00000']
  '016.2667': ['2.707', '3.234', '0.080', '-0.70480', '-0.70941', '0.00018', '0.70941',
    '-0.70480', '0.00056', '-0.00027', '0.00052', '1.00000']
  '016.3333': ['2.700', '3.241', '0.080', '-0.72832', '-0.68524', '0.00017', '0.68524',
    '-0.72832', '0.00057', '-0.00026', '0.00053', '1.00000']
  '016.4000': ['2.685', '3.252', '0.080', '-0.76448', '-0.64465', '0.00019', '0.64465',
    '-0.76448', '0.00061', '-0.00025', '0.00058', '1.00000']
  '016.4667': ['2.678', '3.258', '0.080', '-0.78326', '-0.62170', '0.00017', '0.62170',
    '-0.78326', '0.00060', '-0.00024', '0.00058', '1.00000']
  '016.5333': ['2.671', '3.264', '0.080', '-0.79962', '-0.60050', '0.00016', '0.60050',
    '-0.79962', '0.00060', '-0.00024', '0.00058', '1.00000']
  '016.6000': ['2.661', '3.270', '0.080', '-0.81928', '-0.57340', '0.00015', '0.57340',
    '-0.81928', '0.00060', '-0.00022', '0.00058', '1.00000']
  '016.6667': ['2.652', '3.276', '0.080', '-0.83968', '-0.54308', '0.00012', '0.54308',
    '-0.83968', '0.00059', '-0.00022', '0.00056', '1.00000']
  '016.7333': ['2.640', '3.283', '0.080', '-0.85733', '-0.51478', '0.00012', '0.51478',
    '-0.85732', '0.00061', '-0.00020', '0.00058', '1.00000']
  '016.8000': ['2.628', '3.290', '0.080', '-0.87536', '-0.48347', '0.00012', '0.48347',
    '-0.87536', '0.00059', '-0.00018', '0.00057', '1.00000']
  '016.8667': ['2.619', '3.295', '0.080', '-0.88755', '-0.46071', '0.00013', '0.46071',
    '-0.88755', '0.00060', '-0.00017', '0.00059', '1.00000']
  '016.9333': ['2.609', '3.299', '0.080', '-0.89784', '-0.44032', '0.00011', '0.44032',
    '-0.89784', '0.00058', '-0.00016', '0.00057', '1.00000']
  '017.0000': ['2.596', '3.304', '0.080', '-0.90784', '-0.41933', '0.00011', '0.41933',
    '-0.90784', '0.00057', '-0.00014', '0.00057', '1.00000']
  '017.0667': ['2.586', '3.309', '0.080', '-0.91603', '-0.40111', '0.00010', '0.40111',
    '-0.91603', '0.00059', '-0.00014', '0.00058', '1.00000']
  '017.1333': ['2.578', '3.313', '0.080', '-0.92256', '-0.38584', '0.00009', '0.38584',
    '-0.92256', '0.00059', '-0.00014', '0.00058', '1.00000']
  '017.2000': ['2.564', '3.319', '0.080', '-0.93476', '-0.35529', '0.00008', '0.35529',
    '-0.93476', '0.00060', '-0.00014', '0.00058', '1.00000']
  '017.2667': ['2.555', '3.322', '0.080', '-0.94082', '-0.33891', '0.00008', '0.33891',
    '-0.94082', '0.00059', '-0.00013', '0.00058', '1.00000']
  '017.3333': ['2.539', '3.327', '0.080', '-0.94942', '-0.31401', '0.00007', '0.31401',
    '-0.94942', '0.00059', '-0.00012', '0.00058', '1.00000']
  '017.4000': ['2.530', '3.330', '0.080', '-0.95437', '-0.29862', '0.00007', '0.29862',
    '-0.95437', '0.00062', '-0.00012', '0.00061', '1.00000']
  '017.4667': ['2.520', '3.333', '0.080', '-0.95818', '-0.28616', '0.00005', '0.28616',
    '-0.95818', '0.00063', '-0.00013', '0.00061', '1.00000']
  '017.5333': ['2.506', '3.337', '0.080', '-0.96243', '-0.27152', '0.00004', '0.27152',
    '-0.96243', '0.00060', '-0.00013', '0.00059', '1.00000']
  '017.6000': ['2.498', '3.339', '0.080', '-0.96434', '-0.26467', '0.00003', '0.26467',
    '-0.96434', '0.00062', '-0.00014', '0.00060', '1.00000']
  '017.6666': ['2.486', '3.342', '0.080', '-0.96847', '-0.24915', '0.00002', '0.24915',
    '-0.96847', '0.00061', '-0.00013', '0.00059', '1.00000']
  '017.7333': ['2.474', '3.345', '0.080', '-0.97292', '-0.23116', '0.00002', '0.23116',
    '-0.97292', '0.00061', '-0.00012', '0.00060', '1.00000']
  '017.8000': ['2.461', '3.348', '0.080', '-0.97696', '-0.21343', '0.00002', '0.21343',
    '-0.97696', '0.00060', '-0.00011', '0.00059', '1.00000']
  '017.8666': ['2.453', '3.349', '0.080', '-0.97989', '-0.19952', '0.00001', '0.19952',
    '-0.97989', '0.00058', '-0.00011', '0.00057', '1.00000']
  '017.9333': ['2.443', '3.351', '0.080', '-0.98235', '-0.18704', '-0.00000', '0.18704',
    '-0.98235', '0.00058', '-0.00011', '0.00057', '1.00000']
  '018.0000': ['2.429', '3.353', '0.080', '-0.98597', '-0.16690', '-0.00001', '0.16690',
    '-0.98597', '0.00057', '-0.00011', '0.00056', '1.00000']
  '018.0666': ['2.419', '3.355', '0.080', '-0.98809', '-0.15387', '-0.00002', '0.15387',
    '-0.98809', '0.00055', '-0.00010', '0.00054', '1.00000']
  '018.1333': ['2.408', '3.357', '0.080', '-0.99084', '-0.13503', '-0.00003', '0.13503',
    '-0.99084', '0.00055', '-0.00010', '0.00054', '1.00000']
  '018.2000': ['2.396', '3.359', '0.080', '-0.99339', '-0.11476', '-0.00003', '0.11476',
