begin_time_stamp: 1583087850.2666621
data_header:
  time_stamp: [x, y, z, R11, R12, R13, R21, R22, R23, R31, R32, R33]
trajectory_data:
  '000.0000': ['2.765', '0.685', '0.080', '0.01058', '-0.99994', '0.00041', '0.99994',
    '0.01058', '0.00001', '-0.00001', '0.00041', '1.00000']
  '000.0667': ['2.765', '0.691', '0.080', '0.02301', '-0.99974', '0.00040', '0.99974',
    '0.02301', '0.00001', '-0.00002', '0.00040', '1.00000']
  '000.1333': ['2.764', '0.697', '0.080', '0.02248', '-0.99975', '0.00036', '0.99975',
    '0.02248', '0.00004', '-0.00005', '0.00036', '1.00000']
  '000.2000': ['2.763', '0.709', '0.080', '0.01100', '-0.99994', '0.00012', '0.99994',
    '0.01100', '0.00022', '-0.00022', '0.00012', '1.00000']
  '000.2667': ['2.763', '0.712', '0.080', '-0.00021', '-1.00000', '0.00009', '1.00000',
    '-0.00021', '0.00024', '-0.00024', '0.00009', '1.00000']
  '000.3333': ['2.762', '0.714', '0.080', '-0.01166', '-0.99993', '0.00007', '0.99993',
    '-0.01166', '0.00023', '-0.00023', '0.00007', '1.00000']
  '000.4000': ['2.760', '0.715', '0.080', '-0.02287', '-0.99974', '-0.00001', '0.99974',
    '-0.02287', '0.00013', '-0.00013', '-0.00000', '1.00000']
  '000.4667': ['2.759', '0.721', '0.080', '-0.03041', '-0.99954', '-0.00014', '0.99954',
    '-0.03041', '0.00016', '-0.00017', '-0.00013', '1.00000']
  '000.5333': ['2.759', '0.721', '0.080', '-0.02398', '-0.99971', '-0.00014', '0.99971',
    '-0.02398', '0.00016', '-0.00017', '-0.00014', '1.00000']
  '000.6000': ['2.759', '0.721', '0.080', '-0.01875', '-0.99982', '-0.00015', '0.99982',
    '-0.01875', '0.00017', '-0.00017', '-0.00014', '1.00000']
  '000.6667': ['2.758', '0.719', '0.080', '-0.01500', '-0.99989', '-0.00014', '0.99989',
    '-0.01500', '0.00015', '-0.00016', '-0.00014', '1.00000']
  '000.7333': ['2.759', '0.714', '0.080', '-0.01149', '-0.99993', '-0.00010', '0.99993',
    '-0.01149', '0.00001', '-0.00001', '-0.00010', '1.00000']
  '000.8000': ['2.759', '0.713', '0.080', '-0.00746', '-0.99997', '-0.00010', '0.99997',
    '-0.00746', '0.00000', '-0.00000', '-0.00010', '1.00000']
  '000.8667': ['2.758', '0.714', '0.080', '-0.00319', '-0.99999', '-0.00009', '0.99999',
    '-0.00319', '0.00001', '-0.00001', '-0.00009', '1.00000']
  '000.9333': ['2.758', '0.718', '0.080', '0.00128', '-1.00000', '-0.00012', '1.00000',
    '0.00128', '0.00009', '-0.00009', '-0.00012', '1.00000']
  '001.0000': ['2.759', '0.722', '0.080', '0.01200', '-0.99993', '-0.00015', '0.99993',
    '0.01200', '0.00017', '-0.00017', '-0.00015', '1.00000']
  '001.0667': ['2.759', '0.726', '0.080', '0.01555', '-0.99988', '-0.00017', '0.99988',
    '0.01555', '0.00026', '-0.00025', '-0.00018', '1.00000']
  '001.1333': ['2.759', '0.730', '0.080', '0.01160', '-0.99993', '-0.00020', '0.99993',
    '0.01160', '0.00034', '-0.00034', '-0.00021', '1.00000']
  '001.2000': ['2.759', '0.734', '0.080', '0.00752', '-0.99997', '-0.00023', '0.99997',
    '0.00752', '0.00043', '-0.00042', '-0.00023', '1.00000']
  '001.2667': ['2.759', '0.737', '0.080', '0.00203', '-1.00000', '-0.00026', '1.00000',
    '0.00203', '0.00051', '-0.00051', '-0.00026', '1.00000']
  '001.3333': ['2.760', '0.735', '0.080', '-0.00507', '-0.99999', '-0.00022', '0.99999',
    '-0.00507', '0.00049', '-0.00049', '-0.00021', '1.00000']
  '001.4000': ['2.762', '0.727', '0.080', '-0.00196', '-1.00000', '0.00000', '1.00000',
    '-0.00196', '0.00034', '-0.00034', '0.00000', '1.00000']
  '001.4667': ['2.761', '0.716', '0.080', '0.00956', '-0.99995', '-0.00001', '0.99995',
    '0.00956', '0.00013', '-0.00013', '-0.00002', '1.00000']
  '001.5333': ['2.760', '0.714', '0.080', '0.01655', '-0.99986', '-0.00001', '0.99986',
    '0.01655', '0.00012', '-0.00012', '-0.00001', '1.00000']
  '001.6000': ['2.760', '0.715', '0.080', '0.02063', '-0.99979', '-0.00000', '0.99979',
    '0.02063', '0.00011', '-0.00011', '-0.00001', '1.00000']
  '001.6667': ['2.760', '0.716', '0.080', '0.02580', '-0.99967', '0.00000', '0.99967',
    '0.02580', '0.00011', '-0.00011', '-0.00000', '1.00000']
  '001.7333': ['2.761', '0.722', '0.080', '0.03175', '-0.99950', '-0.00001', '0.99950',
    '0.03175', '0.00012', '-0.00012', '-0.00001', '1.00000']
  '001.8000': ['2.760', '0.729', '0.080', '0.03714', '-0.99931', '-0.00000', '0.99931',
    '0.03714', '0.00013', '-0.00013', '-0.00001', '1.00000']
  '001.8667': ['2.761', '0.738', '0.080', '0.03055', '-0.99953', '0.00000', '0.99953',
    '0.03055', '0.00014', '-0.00014', '-0.00000', '1.00000']
  '001.9333': ['2.760', '0.748', '0.080', '0.02299', '-0.99974', '0.00001', '0.99974',
    '0.02299', '0.00014', '-0.00014', '0.00001', '1.00000']
  '002.0000': ['2.761', '0.758', '0.080', '0.01522', '-0.99988', '0.00001', '0.99988',
    '0.01522', '0.00013', '-0.00013', '0.00001', '1.00000']
  '002.0667': ['2.761', '0.766', '0.080', '0.00604', '-0.99998', '0.00000', '0.99998',
    '0.00604', '0.00012', '-0.00012', '0.00000', '1.00000']
  '002.1333': ['2.762', '0.770', '0.080', '-0.00558', '-0.99998', '0.00007', '0.99998',
    '-0.00558', '-0.00002', '0.00002', '0.00007', '1.00000']
  '002.2000': ['2.763', '0.779', '0.080', '-0.00270', '-1.00000', '0.00007', '1.00000',
    '-0.00270', '-0.00005', '0.00005', '0.00007', '1.00000']
  '002.2667': ['2.763', '0.790', '0.080', '0.00074', '-1.00000', '0.00005', '1.00000',
    '0.00074', '-0.00006', '0.00006', '0.00005', '1.00000']
  '002.3333': ['2.763', '0.800', '0.080', '0.00346', '-0.99999', '0.00005', '0.99999',
    '0.00346', '-0.00006', '0.00006', '0.00005', '1.00000']
  '002.4000': ['2.763', '0.812', '0.080', '0.00266', '-1.00000', '0.00005', '1.00000',
    '0.00266', '-0.00005', '0.00005', '0.00005', '1.00000']
  '002.4667': ['2.763', '0.822', '0.080', '-0.00548', '-0.99998', '0.00002', '0.99998',
    '-0.00548', '-0.00005', '0.00005', '0.00002', '1.00000']
  '002.5333': ['2.763', '0.833', '0.080', '-0.01387', '-0.99990', '0.00001', '0.99990',
    '-0.01387', '-0.00005', '0.00005', '0.00001', '1.00000']
  '002.6000': ['2.763', '0.843', '0.080', '-0.02132', '-0.99977', '0.00000', '0.99977',
    '-0.02132', '-0.00005', '0.00005', '0.00000', '1.00000']
  '002.6667': ['2.763', '0.853', '0.080', '-0.02055', '-0.99979', '-0.00001', '0.99979',
    '-0.02055', '-0.00006', '0.00006', '-0.00001', '1.00000']
  '002.7333': ['2.762', '0.863', '0.080', '-0.02666', '-0.99964', '-0.00003', '0.99964',
    '-0.02666', '-0.00006', '0.00006', '-0.00003', '1.00000']
  '002.8000': ['2.762', '0.874', '0.080', '-0.03320', '-0.99945', '-0.00002', '0.99945',
    '-0.03320', '-0.00005', '0.00005', '-0.00002', '1.00000']
  '002.8667': ['2.762', '0.887', '0.080', '-0.04035', '-0.99919', '-0.00002', '0.99919',
    '-0.04035', '-0.00005', '0.00005', '-0.00002', '1.00000']
  '002.9333': ['2.762', '0.897', '0.080', '-0.04833', '-0.99883', '-0.00001', '0.99883',
    '-0.04833', '-0.00006', '0.00006', '-0.00001', '1.00000']
  '003.0000': ['2.762', '0.908', '0.080', '-0.05650', '-0.99840', '-0.00001', '0.99840',
    '-0.05650', '-0.00006', '0.00006', '-0.00001', '1.00000']
  '003.0667': ['2.761', '0.919', '0.080', '-0.04509', '-0.99898', '-0.00003', '0.99898',
    '-0.04509', '-0.00005', '0.00005', '-0.00003', '1.00000']
  '003.1333': ['2.760', '0.929', '0.080', '-0.03495', '-0.99939', '-0.00002', '0.99939',
    '-0.03495', '-0.00006', '0.00006', '-0.00002', '1.00000']
  '003.2000': ['2.760', '0.939', '0.080', '-0.03398', '-0.99942', '-0.00000', '0.99942',
    '-0.03398', '-0.00007', '0.00007', '-0.00001', '1.00000']
  '003.2667': ['2.760', '0.948', '0.080', '-0.03318', '-0.99945', '-0.00000', '0.99945',
    '-0.03318', '-0.00007', '0.00007', '-0.00001', '1.00000']
  '003.3333': ['2.761', '0.957', '0.080', '-0.03267', '-0.99947', '-0.00002', '0.99947',
    '-0.03267', '-0.00006', '0.00006', '-0.00002', '1.00000']
  '003.4000': ['2.760', '0.970', '0.080', '-0.03219', '-0.99948', '-0.00001', '0.99948',
    '-0.03219', '-0.00004', '0.00004', '-0.00001', '1.00000']
  '003.4667': ['2.760', '0.979', '0.080', '-0.02389', '-0.99971', '-0.00001', '0.99971',
    '-0.02389', '-0.00004', '0.00004', '-0.00001', '1.00000']
  '003.5333': ['2.760', '0.989', '0.080', '-0.01797', '-0.99984', '0.00000', '0.99984',
    '-0.01797', '-0.00003', '0.00003', '-0.00000', '1.00000']
  '003.6000': ['2.759', '0.999', '0.080', '-0.02687', '-0.99964', '0.00000', '0.99964',
    '-0.02687', '-0.00004', '0.00004', '-0.00000', '1.00000']
  '003.6667': ['2.759', '1.008', '0.080', '-0.03594', '-0.99935', '-0.00001', '0.99935',
    '-0.03594', '-0.00003', '0.00003', '-0.00002', '1.00000']
  '003.7333': ['2.758', '1.019', '0.080', '-0.03764', '-0.99929', '0.00001', '0.99929',
    '-0.03764', '-0.00004', '0.00004', '0.00000', '1.00000']
  '003.8000': ['2.758', '1.031', '0.080', '-0.03985', '-0.99921', '-0.00001', '0.99921',
    '-0.03985', '-0.00002', '0.00002', '-0.00001', '1.00000']
  '003.8667': ['2.757', '1.043', '0.080', '-0.04204', '-0.99912', '-0.00002', '0.99912',
    '-0.04204', '-0.00003', '0.00003', '-0.00002', '1.00000']
  '003.9333': ['2.757', '1.054', '0.080', '-0.04431', '-0.99902', '-0.00002', '0.99902',
    '-0.04431', '-0.00002', '0.00002', '-0.00002', '1.00000']
  '004.0000': ['2.756', '1.065', '0.080', '-0.04507', '-0.99898', '-0.00001', '0.99898',
    '-0.04507', '-0.00004', '0.00004', '-0.00001', '1.00000']
  '004.0667': ['2.755', '1.077', '0.080', '-0.04427', '-0.99902', '-0.00002', '0.99902',
    '-0.04427', '-0.00002', '0.00002', '-0.00002', '1.00000']
  '004.1333': ['2.754', '1.088', '0.080', '-0.04554', '-0.99896', '0.00000', '0.99896',
    '-0.04554', '-0.00002', '0.00002', '-0.00000', '1.00000']
  '004.2000': ['2.753', '1.099', '0.080', '-0.04661', '-0.99891', '0.00000', '0.99891',
    '-0.04661', '-0.00000', '0.00000', '0.00000', '1.00000']
  '004.2667': ['2.753', '1.112', '0.080', '-0.04713', '-0.99889', '0.00002', '0.99889',
    '-0.04713', '0.00001', '-0.00001', '0.00002', '1.00000']
  '004.3333': ['2.752', '1.122', '0.080', '-0.04686', '-0.99890', '0.00001', '0.99890',
    '-0.04686', '0.00001', '-0.00001', '0.00001', '1.00000']
  '004.4000': ['2.749', '1.135', '0.080', '-0.04436', '-0.99902', '-0.00013', '0.99902',
    '-0.04436', '-0.00006', '0.00006', '-0.00013', '1.00000']
  '004.4667': ['2.748', '1.146', '0.080', '-0.04097', '-0.99916', '-0.00011', '0.99916',
    '-0.04097', '-0.00008', '0.00007', '-0.00011', '1.00000']
  '004.5333': ['2.747', '1.155', '0.080', '-0.03672', '-0.99933', '-0.00012', '0.99933',
    '-0.03672', '-0.00009', '0.00009', '-0.00012', '1.00000']
  '004.6000': ['2.746', '1.163', '0.080', '-0.03169', '-0.99950', '-0.00014', '0.99950',
    '-0.03169', '-0.00012', '0.00011', '-0.00014', '1.00000']
  '004.6667': ['2.746', '1.171', '0.080', '-0.02665', '-0.99964', '-0.00012', '0.99964',
    '-0.02665', '-0.00013', '0.00012', '-0.00012', '1.00000']
  '004.7333': ['2.746', '1.179', '0.080', '-0.02158', '-0.99977', '-0.00013', '0.99977',
    '-0.02158', '-0.00012', '0.00012', '-0.00013', '1.00000']
  '004.8000': ['2.745', '1.188', '0.080', '-0.01621', '-0.99987', '-0.00013', '0.99987',
    '-0.01621', '-0.00012', '0.00012', '-0.00013', '1.00000']
  '004.8667': ['2.745', '1.199', '0.080', '-0.01071', '-0.99994', '-0.00012', '0.99994',
    '-0.01071', '-0.00011', '0.00011', '-0.00012', '1.00000']
  '004.9333': ['2.744', '1.209', '0.080', '-0.00516', '-0.99999', '-0.00011', '0.99999',
    '-0.00516', '-0.00010', '0.00010', '-0.00011', '1.00000']
  '005.0000': ['2.744', '1.219', '0.080', '0.00083', '-1.00000', '-0.00012', '1.00000',
    '0.00083', '-0.00009', '0.00009', '-0.00012', '1.00000']
  '005.0667': ['2.744', '1.229', '0.080', '0.00734', '-0.99997', '-0.00012', '0.99997',
    '0.00734', '-0.00007', '0.00007', '-0.00012', '1.00000']
  '005.1333': ['2.744', '1.239', '0.080', '0.01449', '-0.99990', '-0.00011', '0.99990',
    '0.01449', '-0.00007', '0.00007', '-0.00011', '1.00000']
  '005.2000': ['2.744', '1.249', '0.080', '0.02204', '-0.99976', '-0.00011', '0.99976',
    '0.02204', '-0.00004', '0.00004', '-0.00011', '1.00000']
  '005.2667': ['2.744', '1.260', '0.080', '0.02999', '-0.99955', '-0.00012', '0.99955',
    '0.02999', '0.00001', '-0.00001', '-0.00012', '1.00000']
  '005.3333': ['2.744', '1.269', '0.080', '0.03738', '-0.99930', '-0.00012', '0.99930',
    '0.03738', '0.00002', '-0.00002', '-0.00012', '1.00000']
  '005.4000': ['2.744', '1.281', '0.080', '0.03465', '-0.99940', '-0.00013', '0.99940',
    '0.03465', '0.00003', '-0.00002', '-0.00013', '1.00000']
  '005.4667': ['2.744', '1.292', '0.080', '0.03746', '-0.99930', '-0.00013', '0.99930',
    '0.03746', '0.00002', '-0.00002', '-0.00013', '1.00000']
  '005.5333': ['2.744', '1.305', '0.080', '0.03698', '-0.99932', '-0.00013', '0.99932',
    '0.03698', '0.00002', '-0.00002', '-0.00013', '1.00000']
  '005.6000': ['2.745', '1.317', '0.080', '0.05067', '-0.99872', '-0.00012', '0.99872',
    '0.05067', '0.00003', '-0.00002', '-0.00012', '1.00000']
  '005.6667': ['2.745', '1.327', '0.080', '0.04865', '-0.99882', '-0.00013', '0.99882',
    '0.04865', '0.00003', '-0.00003', '-0.00013', '1.00000']
  '005.7333': ['2.746', '1.339', '0.080', '0.04713', '-0.99889', '-0.00014', '0.99889',
    '0.04713', '0.00005', '-0.00004', '-0.00014', '1.00000']
  '005.8000': ['2.746', '1.350', '0.080', '0.04597', '-0.99894', '-0.00013', '0.99894',
    '0.04597', '0.00005', '-0.00005', '-0.00013', '1.00000']
  '005.8667': ['2.747', '1.360', '0.080', '0.04502', '-0.99899', '-0.00012', '0.99899',
    '0.04502', '0.00005', '-0.00004', '-0.00013', '1.00000']
  '005.9333': ['2.748', '1.372', '0.080', '0.04381', '-0.99904', '-0.00013', '0.99904',
    '0.04381', '0.00004', '-0.00004', '-0.00013', '1.00000']
  '006.0000': ['2.749', '1.385', '0.080', '0.04182', '-0.99913', '-0.00010', '0.99913',
    '0.04182', '0.00003', '-0.00003', '-0.00011', '1.00000']
  '006.0667': ['2.751', '1.395', '0.080', '0.03743', '-0.99930', '-0.00008', '0.99930',
    '0.03743', '-0.00013', '0.00013', '-0.00008', '1.00000']
  '006.1333': ['2.752', '1.405', '0.080', '0.03312', '-0.99945', '-0.00008', '0.99945',
    '0.03312', '-0.00013', '0.00013', '-0.00008', '1.00000']
  '006.2000': ['2.753', '1.416', '0.080', '0.02949', '-0.99957', '-0.00007', '0.99957',
    '0.02949', '-0.00012', '0.00012', '-0.00007', '1.00000']
  '006.2667': ['2.752', '1.428', '0.080', '0.02737', '-0.99963', '-0.00008', '0.99963',
    '0.02737', '-0.00011', '0.00011', '-0.00007', '1.00000']
  '006.3333': ['2.752', '1.439', '0.080', '0.02549', '-0.99968', '-0.00009', '0.99967',
    '0.02549', '-0.00010', '0.00010', '-0.00009', '1.00000']
  '006.4000': ['2.752', '1.450', '0.080', '0.02400', '-0.99971', '-0.00009', '0.99971',
    '0.02400', '-0.00008', '0.00008', '-0.00009', '1.00000']
  '006.4667': ['2.752', '1.463', '0.080', '0.02309', '-0.99973', '-0.00011', '0.99973',
    '0.02309', '-0.00007', '0.00008', '-0.00010', '1.00000']
  '006.5333': ['2.752', '1.476', '0.080', '0.02244', '-0.99975', '-0.00011', '0.99975',
    '0.02244', '-0.00007', '0.00007', '-0.00011', '1.00000']
  '006.6000': ['2.752', '1.487', '0.080', '0.02223', '-0.99975', '-0.00012', '0.99975',
    '0.02223', '-0.00006', '0.00007', '-0.00012', '1.00000']
  '006.6667': ['2.752', '1.499', '0.080', '0.02235', '-0.99975', '-0.00014', '0.99975',
    '0.02235', '-0.00006', '0.00006', '-0.00013', '1.00000']
  '006.7333': ['2.753', '1.510', '0.080', '0.02316', '-0.99973', '-0.00014', '0.99973',
    '0.02316', '-0.00005', '0.00006', '-0.00014', '1.00000']
  '006.8000': ['2.753', '1.523', '0.080', '0.01997', '-0.99980', '-0.00012', '0.99980',
    '0.01997', '-0.00005', '0.00005', '-0.00012', '1.00000']
  '006.8667': ['2.753', '1.536', '0.080', '0.02259', '-0.99974', '-0.00013', '0.99974',
    '0.02259', '-0.00005', '0.00005', '-0.00013', '1.00000']
  '006.9333': ['2.753', '1.549', '0.080', '0.03132', '-0.99951', '-0.00012', '0.99951',
    '0.03132', '-0.00003', '0.00003', '-0.00012', '1.00000']
  '007.0000': ['2.754', '1.561', '0.080', '0.03337', '-0.99944', '-0.00012', '0.99944',
    '0.03337', '-0.00002', '0.00003', '-0.00012', '1.00000']
  '007.0667': ['2.754', '1.573', '0.080', '0.03645', '-0.99934', '-0.00012', '0.99934',
    '0.03645', '-0.00002', '0.00002', '-0.00012', '1.00000']
  '007.1333': ['2.755', '1.585', '0.080', '0.04060', '-0.99918', '-0.00011', '0.99918',
    '0.04060', '-0.00001', '0.00001', '-0.00011', '1.00000']
  '007.2000': ['2.756', '1.594', '0.080', '0.04750', '-0.99887', '-0.00010', '0.99887',
    '0.04750', '0.00000', '0.00000', '-0.00010', '1.00000']
  '007.2667': ['2.759', '1.601', '0.080', '0.05447', '-0.99852', '0.00000', '0.99852',
    '0.05447', '0.00004', '-0.00004', '0.00000', '1.00000']
  '007.3333': ['2.761', '1.610', '0.080', '0.06382', '-0.99796', '0.00001', '0.99796',
    '0.06382', '0.00005', '-0.00005', '0.00001', '1.00000']
  '007.4000': ['2.762', '1.620', '0.080', '0.06484', '-0.99790', '0.00003', '0.99790',
    '0.06484', '0.00005', '-0.00005', '0.00003', '1.00000']
  '007.4667': ['2.762', '1.631', '0.080', '0.06991', '-0.99755', '0.00003', '0.99755',
    '0.06991', '0.00007', '-0.00007', '0.00002', '1.00000']
  '007.5333': ['2.763', '1.642', '0.080', '0.07574', '-0.99713', '0.00004', '0.99713',
    '0.07574', '0.00008', '-0.00009', '0.00003', '1.00000']
  '007.6000': ['2.764', '1.654', '0.080', '0.07924', '-0.99686', '0.00004', '0.99686',
    '0.07924', '0.00010', '-0.00011', '0.00003', '1.00000']
  '007.6667': ['2.765', '1.665', '0.080', '0.07482', '-0.99720', '0.00003', '0.99720',
    '0.07482', '0.00010', '-0.00011', '0.00002', '1.00000']
  '007.7333': ['2.766', '1.677', '0.080', '0.07068', '-0.99750', '0.00002', '0.99750',
    '0.07068', '0.00011', '-0.00011', '0.00001', '1.00000']
  '007.8000': ['2.767', '1.690', '0.080', '0.06616', '-0.99781', '0.00001', '0.99781',
    '0.06616', '0.00013', '-0.00013', '0.00000', '1.00000']
  '007.8667': ['2.768', '1.701', '0.080', '0.05218', '-0.99864', '0.00002', '0.99864',
    '0.05218', '0.00014', '-0.00014', '0.00001', '1.00000']
  '007.9333': ['2.769', '1.713', '0.080', '0.03966', '-0.99921', '0.00006', '0.99921',
    '0.03966', '0.00014', '-0.00015', '0.00005', '1.00000']
  '008.0000': ['2.773', '1.720', '0.080', '0.03055', '-0.99953', '0.00020', '0.99953',
    '0.03055', '0.00011', '-0.00012', '0.00020', '1.00000']
  '008.0667': ['2.774', '1.729', '0.080', '0.02022', '-0.99980', '0.00027', '0.99980',
    '0.02022', '0.00010', '-0.00011', '0.00027', '1.00000']
  '008.1333': ['2.775', '1.742', '0.080', '0.01222', '-0.99993', '0.00024', '0.99993',
    '0.01222', '0.00011', '-0.00011', '0.00024', '1.00000']
  '008.2000': ['2.775', '1.755', '0.080', '0.01011', '-0.99995', '0.00025', '0.99995',
    '0.01011', '0.00012', '-0.00013', '0.00025', '1.00000']
  '008.2667': ['2.775', '1.765', '0.080', '0.01770', '-0.99984', '0.00025', '0.99984',
    '0.01770', '0.00011', '-0.00011', '0.00024', '1.00000']
  '008.3333': ['2.776', '1.774', '0.080', '0.01777', '-0.99984', '0.00025', '0.99984',
    '0.01777', '0.00009', '-0.00010', '0.00025', '1.00000']
  '008.4000': ['2.777', '1.783', '0.080', '0.01711', '-0.99985', '0.00025', '0.99985',
    '0.01711', '0.00009', '-0.00010', '0.00025', '1.00000']
  '008.4667': ['2.777', '1.793', '0.080', '0.01645', '-0.99986', '0.00027', '0.99986',
    '0.01645', '0.00009', '-0.00009', '0.00027', '1.00000']
  '008.5333': ['2.778', '1.803', '0.080', '0.01507', '-0.99989', '0.00027', '0.99989',
    '0.01507', '0.00007', '-0.00007', '0.00027', '1.00000']
  '008.6000': ['2.778', '1.813', '0.080', '0.01254', '-0.99992', '0.00026', '0.99992',
    '0.01254', '0.00004', '-0.00004', '0.00026', '1.00000']
  '008.6667': ['2.779', '1.825', '0.080', '0.01275', '-0.99992', '0.00026', '0.99992',
    '0.01275', '0.00004', '-0.00005', '0.00026', '1.00000']
  '008.7333': ['2.779', '1.835', '0.080', '0.02349', '-0.99972', '0.00025', '0.99972',
    '0.02349', '0.00003', '-0.00004', '0.00025', '1.00000']
  '008.8000': ['2.779', '1.844', '0.080', '0.03236', '-0.99948', '0.00025', '0.99948',
    '0.03236', '0.00004', '-0.00005', '0.00025', '1.00000']
  '008.8667': ['2.779', '1.856', '0.080', '0.03113', '-0.99952', '0.00027', '0.99952',
    '0.03113', '0.00003', '-0.00004', '0.00027', '1.00000']
  '008.9333': ['2.779', '1.867', '0.080', '0.03125', '-0.99951', '0.00026', '0.99951',
    '0.03125', '0.00004', '-0.00005', '0.00025', '1.00000']
  '009.0000': ['2.780', '1.878', '0.080', '0.03215', '-0.99948', '0.00024', '0.99948',
    '0.03215', '0.00004', '-0.00005', '0.00024', '1.00000']
  '009.0667': ['2.780', '1.889', '0.080', '0.02872', '-0.99959', '0.00024', '0.99959',
    '0.02872', '0.00004', '-0.00005', '0.00024', '1.00000']
  '009.1333': ['2.780', '1.900', '0.080', '0.02291', '-0.99974', '0.00023', '0.99974',
    '0.02291', '0.00005', '-0.00005', '0.00023', '1.00000']
  '009.2000': ['2.781', '1.912', '0.080', '0.01996', '-0.99980', '0.00023', '0.99980',
    '0.01996', '0.00006', '-0.00007', '0.00022', '1.00000']
  '009.2667': ['2.781', '1.923', '0.080', '0.02640', '-0.99965', '0.00023', '0.99965',
    '0.02640', '0.00006', '-0.00007', '0.00023', '1.00000']
  '009.3333': ['2.782', '1.935', '0.080', '0.02749', '-0.99962', '0.00024', '0.99962',
    '0.02749', '0.00006', '-0.00007', '0.00024', '1.00000']
  '009.4000': ['2.783', '1.946', '0.080', '0.02688', '-0.99964', '0.00025', '0.99964',
    '0.02688', '0.00006', '-0.00006', '0.00025', '1.00000']
  '009.4667': ['2.784', '1.957', '0.080', '0.02684', '-0.99964', '0.00025', '0.99964',
    '0.02684', '0.00007', '-0.00007', '0.00024', '1.00000']
  '009.5333': ['2.784', '1.968', '0.080', '0.02740', '-0.99962', '0.00025', '0.99962',
    '0.02740', '0.00007', '-0.00008', '0.00025', '1.00000']
  '009.6000': ['2.785', '1.980', '0.080', '0.02410', '-0.99971', '0.00024', '0.99971',
    '0.02410', '0.00007', '-0.00007', '0.00024', '1.00000']
  '009.6667': ['2.785', '1.993', '0.080', '0.01705', '-0.99985', '0.00025', '0.99985',
    '0.01705', '0.00006', '-0.00007', '0.00025', '1.00000']
  '009.7333': ['2.786', '2.004', '0.080', '0.00936', '-0.99996', '0.00026', '0.99996',
    '0.00936', '0.00006', '-0.00006', '0.00026', '1.00000']
  '009.8000': ['2.786', '2.014', '0.080', '-0.00429', '-0.99999', '0.00025', '0.99999',
    '-0.00429', '0.00006', '-0.00006', '0.00025', '1.00000']
  '009.8667': ['2.787', '2.024', '0.080', '-0.02096', '-0.99978', '0.00024', '0.99978',
    '-0.02096', '0.00006', '-0.00005', '0.00024', '1.00000']
  '009.9333': ['2.787', '2.034', '0.080', '-0.03891', '-0.99924', '0.00025', '0.99924',
    '-0.03891', '0.00007', '-0.00006', '0.00025', '1.00000']
  '010.0000': ['2.787', '2.046', '0.080', '-0.03824', '-0.99927', '0.00023', '0.99927',
    '-0.03824', '0.00007', '-0.00006', '0.00024', '1.00000']
  '010.0667': ['2.788', '2.056', '0.080', '-0.03426', '-0.99941', '0.00022', '0.99941',
    '-0.03426', '0.00008', '-0.00007', '0.00023', '1.00000']
  '010.1333': ['2.788', '2.068', '0.080', '-0.03162', '-0.99950', '0.00023', '0.99950',
    '-0.03162', '0.00007', '-0.00007', '0.00023', '1.00000']
  '010.2000': ['2.788', '2.081', '0.080', '-0.03055', '-0.99953', '0.00021', '0.99953',
    '-0.03055', '0.00008', '-0.00007', '0.00022', '1.00000']
  '010.2667': ['2.789', '2.091', '0.080', '-0.03266', '-0.99947', '0.00020', '0.99947',
    '-0.03266', '0.00008', '-0.00007', '0.00020', '1.00000']
  '010.3333': ['2.789', '2.102', '0.080', '-0.03517', '-0.99938', '0.00020', '0.99938',
    '-0.03517', '0.00008', '-0.00007', '0.00020', '1.00000']
  '010.4000': ['2.789', '2.115', '0.080', '-0.03829', '-0.99927', '0.00018', '0.99927',
    '-0.03829', '0.00007', '-0.00007', '0.00018', '1.00000']
  '010.4667': ['2.789', '2.124', '0.080', '-0.04107', '-0.99916', '0.00017', '0.99916',
    '-0.04107', '0.00007', '-0.00007', '0.00018', '1.00000']
  '010.5333': ['2.788', '2.136', '0.080', '-0.04361', '-0.99905', '0.00018', '0.99905',
    '-0.04361', '0.00009', '-0.00008', '0.00019', '1.00000']
  '010.6000': ['2.789', '2.149', '0.080', '-0.04700', '-0.99890', '0.00017', '0.99890',
    '-0.04700', '0.00010', '-0.00009', '0.00017', '1.00000']
  '010.6667': ['2.789', '2.161', '0.080', '-0.04977', '-0.99876', '0.00018', '0.99876',
    '-0.04977', '0.00011', '-0.00010', '0.00018', '1.00000']
  '010.7333': ['2.789', '2.174', '0.080', '-0.05271', '-0.99861', '0.00016', '0.99861',
    '-0.05271', '0.00013', '-0.00012', '0.00016', '1.00000']
  '010.8000': ['2.789', '2.186', '0.080', '-0.04561', '-0.99896', '0.00015', '0.99896',
    '-0.04561', '0.00014', '-0.00013', '0.00015', '1.00000']
  '010.8667': ['2.788', '2.196', '0.080', '-0.03652', '-0.99933', '0.00015', '0.99933',
    '-0.03652', '0.00015', '-0.00015', '0.00016', '1.00000']
  '010.9333': ['2.788', '2.205', '0.080', '-0.02728', '-0.99963', '0.00016', '0.99963',
    '-0.02728', '0.00016', '-0.00016', '0.00016', '1.00000']
  '011.0000': ['2.788', '2.216', '0.080', '-0.01808', '-0.99984', '0.00017', '0.99984',
    '-0.01808', '0.00017', '-0.00017', '0.00017', '1.00000']
  '011.0667': ['2.789', '2.227', '0.080', '-0.00935', '-0.99996', '0.00016', '0.99996',
    '-0.00935', '0.00018', '-0.00018', '0.00016', '1.00000']
  '011.1333': ['2.790', '2.240', '0.080', '-0.00098', '-1.00000', '0.00015', '1.00000',
    '-0.00098', '0.00020', '-0.00020', '0.00015', '1.00000']
  '011.2000': ['2.790', '2.251', '0.080', '0.00751', '-0.99997', '0.00014', '0.99997',
    '0.00751', '0.00018', '-0.00018', '0.00014', '1.00000']
  '011.2667': ['2.790', '2.261', '0.080', '0.01683', '-0.99986', '0.00015', '0.99986',
    '0.01683', '0.00021', '-0.00021', '0.00014', '1.00000']
  '011.3333': ['2.790', '2.270', '0.080', '0.01090', '-0.99994', '0.00014', '0.99994',
    '0.01090', '0.00023', '-0.00023', '0.00014', '1.00000']
  '011.4000': ['2.790', '2.280', '0.080', '0.01338', '-0.99991', '0.00014', '0.99991',
    '0.01338', '0.00024', '-0.00024', '0.00013', '1.00000']
  '011.4667': ['2.790', '2.291', '0.080', '0.01619', '-0.99987', '0.00012', '0.99987',
    '0.01619', '0.00022', '-0.00023', '0.00012', '1.00000']
  '011.5333': ['2.791', '2.302', '0.080', '0.01321', '-0.99991', '0.00011', '0.99991',
    '0.01321', '0.00025', '-0.00025', '0.00011', '1.00000']
  '011.6000': ['2.792', '2.314', '0.080', '0.00797', '-0.99997', '0.00013', '0.99997',
    '0.00797', '0.00027', '-0.00027', '0.00012', '1.00000']
  '011.6667': ['2.796', '2.332', '0.080', '-0.00037', '-1.00000', '0.00022', '1.00000',
    '-0.00037', '0.00017', '-0.00017', '0.00022', '1.00000']
  '011.7333': ['2.796', '2.347', '0.080', '-0.00961', '-0.99995', '0.00020', '0.99995',
    '-0.00961', '0.00014', '-0.00014', '0.00021', '1.00000']
  '011.8000': ['2.796', '2.357', '0.080', '-0.01220', '-0.99993', '0.00021', '0.99993',
    '-0.01220', '0.00015', '-0.00015', '0.00021', '1.00000']
  '011.8667': ['2.795', '2.368', '0.080', '-0.01207', '-0.99993', '0.00021', '0.99993',
    '-0.01207', '0.00016', '-0.00016', '0.00021', '1.00000']
  '011.9333': ['2.793', '2.377', '0.080', '-0.01069', '-0.99994', '0.00021', '0.99994',
    '-0.01069', '0.00016', '-0.00016', '0.00021', '1.00000']
  '012.0000': ['2.786', '2.384', '0.080', '-0.00361', '-0.99999', '0.00028', '0.99999',
    '-0.00361', '0.00002', '-0.00002', '0.00028', '1.00000']
  '012.0667': ['2.784', '2.393', '0.080', '-0.01152', '-0.99993', '0.00028', '0.99993',
    '-0.01152', '0.00003', '-0.00003', '0.00028', '1.00000']
  '012.1333': ['2.783', '2.405', '0.080', '-0.02013', '-0.99980', '0.00029', '0.99980',
    '-0.02013', '0.00004', '-0.00003', '0.00029', '1.00000']
  '012.2000': ['2.783', '2.418', '0.080', '-0.01851', '-0.99983', '0.00029', '0.99983',
    '-0.01851', '0.00004', '-0.00003', '0.00029', '1.00000']
  '012.2667': ['2.783', '2.430', '0.080', '-0.01643', '-0.99987', '0.00030', '0.99987',
    '-0.01643', '0.00004', '-0.00004', '0.00030', '1.00000']
  '012.3333': ['2.783', '2.442', '0.080', '-0.01496', '-0.99989', '0.00030', '0.99989',
    '-0.01496', '0.00006', '-0.00005', '0.00030', '1.00000']
  '012.4000': ['2.783', '2.452', '0.080', '-0.01670', '-0.99986', '0.00030', '0.99986',
    '-0.01670', '0.00006', '-0.00006', '0.00030', '1.00000']
  '012.4667': ['2.783', '2.461', '0.080', '-0.01899', '-0.99982', '0.00030', '0.99982',
    '-0.01899', '0.00008', '-0.00007', '0.00030', '1.00000']
  '012.5333': ['2.782', '2.471', '0.080', '-0.02170', '-0.99976', '0.00031', '0.99976',
    '-0.02170', '0.00008', '-0.00008', '0.00031', '1.00000']
  '012.6000': ['2.782', '2.481', '0.080', '-0.02468', '-0.99970', '0.00031', '0.99970',
    '-0.02468', '0.00009', '-0.00008', '0.00031', '1.00000']
  '012.6667': ['2.782', '2.493', '0.080', '-0.02779', '-0.99961', '0.00031', '0.99961',
    '-0.02779', '0.00010', '-0.00009', '0.00031', '1.00000']
  '012.7333': ['2.781', '2.505', '0.080', '-0.03070', '-0.99953', '0.00032', '0.99953',
    '-0.03070', '0.00011', '-0.00010', '0.00032', '1.00000']
  '012.8000': ['2.780', '2.516', '0.080', '-0.03381', '-0.99943', '0.00031', '0.99943',
    '-0.03381', '0.00012', '-0.00011', '0.00031', '1.00000']
  '012.8667': ['2.780', '2.526', '0.080', '-0.03322', '-0.99945', '0.00031', '0.99945',
    '-0.03322', '0.00013', '-0.00012', '0.00031', '1.00000']
  '012.9333': ['2.779', '2.538', '0.080', '-0.01859', '-0.99983', '0.00030', '0.99983',
    '-0.01859', '0.00012', '-0.00012', '0.00030', '1.00000']
  '013.0000': ['2.778', '2.549', '0.080', '-0.01088', '-0.99994', '0.00029', '0.99994',
    '-0.01088', '0.00013', '-0.00012', '0.00030', '1.00000']
  '013.0667': ['2.778', '2.559', '0.080', '-0.00264', '-1.00000', '0.00030', '1.00000',
    '-0.00264', '0.00013', '-0.00013', '0.00030', '1.00000']
  '013.1333': ['2.778', '2.570', '0.080', '0.00597', '-0.99998', '0.00031', '0.99998',
    '0.00597', '0.00015', '-0.00015', '0.00031', '1.00000']
  '013.2000': ['2.778', '2.582', '0.080', '0.01463', '-0.99989', '0.00032', '0.99989',
    '0.01463', '0.00016', '-0.00016', '0.00032', '1.00000']
  '013.2667': ['2.778', '2.595', '0.080', '0.02953', '-0.99956', '0.00032', '0.99956',
    '0.02953', '0.00016', '-0.00017', '0.00032', '1.00000']
  '013.3333': ['2.778', '2.608', '0.080', '0.03868', '-0.99925', '0.00034', '0.99925',
    '0.03868', '0.00017', '-0.00018', '0.00033', '1.00000']
  '013.4000': ['2.778', '2.620', '0.080', '0.04634', '-0.99893', '0.00034', '0.99893',
    '0.04634', '0.00018', '-0.00019', '0.00033', '1.00000']
  '013.4667': ['2.778', '2.631', '0.080', '0.05206', '-0.99864', '0.00035', '0.99864',
    '0.05206', '0.00018', '-0.00020', '0.00034', '1.00000']
  '013.5333': ['2.779', '2.642', '0.080', '0.05410', '-0.99854', '0.00037', '0.99854',
    '0.05410', '0.00021', '-0.00022', '0.00035', '1.00000']
  '013.6000': ['2.780', '2.651', '0.080', '0.05616', '-0.99842', '0.00037', '0.99842',
    '0.05616', '0.00020', '-0.00022', '0.00036', '1.00000']
  '013.6667': ['2.780', '2.662', '0.080', '0.05818', '-0.99831', '0.00037', '0.99831',
    '0.05818', '0.00021', '-0.00023', '0.00035', '1.00000']
  '013.7333': ['2.781', '2.674', '0.080', '0.05989', '-0.99820', '0.00037', '0.99820',
    '0.05989', '0.00022', '-0.00024', '0.00036', '1.00000']
  '013.8000': ['2.781', '2.686', '0.080', '0.06775', '-0.99770', '0.00036', '0.99770',
    '0.06775', '0.00022', '-0.00024', '0.00034', '1.00000']
  '013.8667': ['2.781', '2.697', '0.080', '0.07665', '-0.99706', '0.00036', '0.99706',
    '0.07665', '0.00022', '-0.00025', '0.00035', '1.00000']
  '013.9333': ['2.782', '2.708', '0.080', '0.08290', '-0.99656', '0.00037', '0.99656',
    '0.08290', '0.00023', '-0.00026', '0.00035', '1.00000']
  '014.0000': ['2.782', '2.719', '0.080', '0.08184', '-0.99665', '0.00034', '0.99665',
    '0.08184', '0.00023', '-0.00026', '0.00032', '1.00000']
  '014.0667': ['2.782', '2.730', '0.080', '0.07678', '-0.99705', '0.00035', '0.99705',
    '0.07678', '0.00024', '-0.00027', '0.00033', '1.00000']
  '014.1333': ['2.783', '2.742', '0.080', '0.07338', '-0.99730', '0.00034', '0.99730',
    '0.07338', '0.00025', '-0.00028', '0.00032', '1.00000']
  '014.2000': ['2.783', '2.753', '0.080', '0.07928', '-0.99685', '0.00033', '0.99685',
    '0.07928', '0.00027', '-0.00029', '0.00031', '1.00000']
  '014.2667': ['2.784', '2.765', '0.080', '0.08434', '-0.99644', '0.00034', '0.99644',
    '0.08435', '0.00029', '-0.00032', '0.00031', '1.00000']
  '014.3333': ['2.786', '2.779', '0.080', '0.08855', '-0.99607', '0.00035', '0.99607',
    '0.08855', '0.00030', '-0.00033', '0.00032', '1.00000']
  '014.4000': ['2.787', '2.792', '0.080', '0.08473', '-0.99640', '0.00035', '0.99640',
    '0.08473', '0.00030', '-0.00033', '0.00033', '1.00000']
  '014.4667': ['2.789', '2.804', '0.080', '0.07742', '-0.99700', '0.00034', '0.99700',
    '0.07742', '0.00029', '-0.00032', '0.00032', '1.00000']
  '014.5333': ['2.789', '2.816', '0.080', '0.06806', '-0.99768', '0.00034', '0.99768',
    '0.06806', '0.00030', '-0.00032', '0.00032', '1.00000']
  '014.6000': ['2.789', '2.825', '0.080', '0.06677', '-0.99777', '0.00034', '0.99777',
    '0.06677', '0.00030', '-0.00033', '0.00032', '1.00000']
  '014.6667': ['2.788', '2.826', '0.080', '0.06647', '-0.99779', '0.00029', '0.99779',
    '0.06647', '0.00026', '-0.00028', '0.00027', '1.00000']
  '014.7333': ['2.787', '2.835', '0.080', '0.06794', '-0.99769', '0.00030', '0.99769',
    '0.06794', '0.00024', '-0.00026', '0.00028', '1.00000']
  '014.8000': ['2.788', '2.848', '0.080', '0.05705', '-0.99837', '0.00029', '0.99837',
    '0.05705', '0.00021', '-0.00023', '0.00028', '1.00000']
  '014.8667': ['2.790', '2.860', '0.080', '0.04861', '-0.99882', '0.00029', '0.99882',
    '0.04861', '0.00022', '-0.00024', '0.00027', '1.00000']
  '014.9333': ['2.790', '2.870', '0.080', '0.04108', '-0.99916', '0.00028', '0.99916',
    '0.04108', '0.00024', '-0.00025', '0.00027', '1.00000']
  '015.0000': ['2.790', '2.880', '0.080', '0.02976', '-0.99956', '0.00027', '0.99956',
    '0.02976', '0.00025', '-0.00026', '0.00027', '1.00000']
  '015.0667': ['2.790', '2.892', '0.080', '0.00891', '-0.99996', '0.00027', '0.99996',
    '0.00891', '0.00026', '-0.00026', '0.00027', '1.00000']
  '015.1333': ['2.791', '2.903', '0.080', '-0.01376', '-0.99991', '0.00027', '0.99991',
    '-0.01376', '0.00027', '-0.00027', '0.00027', '1.00000']
  '015.2000': ['2.791', '2.915', '0.080', '-0.03501', '-0.99939', '0.00025', '0.99939',
    '-0.03501', '0.00028', '-0.00027', '0.00026', '1.00000']
  '015.2667': ['2.791', '2.924', '0.080', '-0.05135', '-0.99868', '0.00022', '0.99868',
    '-0.05135', '0.00027', '-0.00026', '0.00024', '1.00000']
  '015.3333': ['2.790', '2.936', '0.080', '-0.06777', '-0.99770', '0.00023', '0.99770',
    '-0.06777', '0.00025', '-0.00024', '0.00025', '1.00000']
  '015.4000': ['2.789', '2.947', '0.080', '-0.08473', '-0.99640', '0.00021', '0.99640',
    '-0.08473', '0.00026', '-0.00024', '0.00023', '1.00000']
  '015.4667': ['2.788', '2.958', '0.080', '-0.10111', '-0.99488', '0.00022', '0.99487',
    '-0.10111', '0.00025', '-0.00023', '0.00024', '1.00000']
  '015.5333': ['2.787', '2.969', '0.080', '-0.11788', '-0.99303', '0.00022', '0.99303',
    '-0.11788', '0.00028', '-0.00025', '0.00025', '1.00000']
  '015.6000': ['2.786', '2.980', '0.080', '-0.10763', '-0.99419', '0.00025', '0.99419',
    '-0.10763', '0.00031', '-0.00028', '0.00028', '1.00000']
  '015.6667': ['2.784', '2.991', '0.080', '-0.12162', '-0.99258', '0.00027', '0.99258',
    '-0.12162', '0.00034', '-0.00030', '0.00031', '1.00000']
  '015.7333': ['2.783', '3.003', '0.080', '-0.14539', '-0.98937', '0.00028', '0.98937',
    '-0.14539', '0.00037', '-0.00032', '0.00033', '1.00000']
  '015.8000': ['2.780', '3.015', '0.080', '-0.16525', '-0.98625', '0.00027', '0.98625',
    '-0.16525', '0.00042', '-0.00037', '0.00034', '1.00000']
  '015.8667': ['2.779', '3.025', '0.080', '-0.17235', '-0.98504', '0.00028', '0.98504',
    '-0.17235', '0.00048', '-0.00042', '0.00036', '1.00000']
  '015.9333': ['2.777', '3.039', '0.080', '-0.17767', '-0.98409', '0.00029', '0.98409',
    '-0.17767', '0.00051', '-0.00045', '0.00038', '1.00000']
  '016.0000': ['2.774', '3.049', '0.080', '-0.19878', '-0.98004', '0.00028', '0.98004',
    '-0.19878', '0.00055', '-0.00048', '0.00038', '1.00000']
  '016.0667': ['2.772', '3.060', '0.080', '-0.23272', '-0.97254', '0.00028', '0.97254',
    '-0.23272', '0.00056', '-0.00048', '0.00040', '1.00000']
  '016.1333': ['2.769', '3.070', '0.080', '-0.26946', '-0.96301', '0.00027', '0.96301',
    '-0.26946', '0.00057', '-0.00048', '0.00041', '1.00000']
  '016.2000': ['2.768', '3.080', '0.080', '-0.31307', '-0.94973', '0.00024', '0.94973',
    '-0.31307', '0.00059', '-0.00048', '0.00041', '1.00000']
  '016.2667': ['2.765', '3.089', '0.080', '-0.35753', '-0.93390', '0.00023', '0.93390',
    '-0.35753', '0.00059', '-0.00047', '0.00043', '1.00000']
  '016.3333': ['2.763', '3.099', '0.080', '-0.40349', '-0.91498', '0.00022', '0.91498',
    '-0.40349', '0.00059', '-0.00045', '0.00044', '1.00000']
  '016.4000': ['2.758', '3.115', '0.080', '-0.45197', '-0.89204', '0.00020', '0.89204',
    '-0.45197', '0.00056', '-0.00041', '0.00043', '1.00000']
  '016.4667': ['2.752', '3.129', '0.080', '-0.49128', '-0.87100', '0.00018', '0.87100',
    '-0.49128', '0.00056', '-0.00040', '0.00043', '1.00000']
  '016.5333': ['2.746', '3.140', '0.080', '-0.52200', '-0.85295', '0.00016', '0.85295',
    '-0.52200', '0.00056', '-0.00039', '0.00043', '1.00000']
  '016.6000': ['2.739', '3.150', '0.080', '-0.54961', '-0.83542', '0.00013', '0.83542',
    '-0.54961', '0.00057', '-0.00040', '0.00042', '1.00000']
  '016.6667': ['2.731', '3.160', '0.080', '-0.56293', '-0.82651', '0.00015', '0.82651',
    '-0.56293', '0.00058', '-0.00040', '0.00045', '1.00000']
  '016.7333': ['2.724', '3.166', '0.080', '-0.59024', '-0.80723', '0.00022', '0.80723',
    '-0.59024', '0.00059', '-0.00034', '0.00053', '1.00000']
  '016.8000': ['2.716', '3.175', '0.080', '-0.60385', '-0.79710', '0.00023', '0.79710',
    '-0.60385', '0.00059', '-0.00033', '0.00054', '1.00000']
  '016.8667': ['2.709', '3.184', '0.080', '-0.61932', '-0.78513', '0.00022', '0.78513',
    '-0.61932', '0.00059', '-0.00033', '0.00054', '1.00000']
  '016.9333': ['2.702', '3.193', '0.080', '-0.62921', '-0.77723', '0.00023', '0.77723',
    '-0.62921', '0.00060', '-0.00032', '0.00055', '1.00000']
  '017.0000': ['2.694', '3.202', '0.080', '-0.64384', '-0.76516', '0.00022', '0.76516',
    '-0.64384', '0.00061', '-0.00033', '0.00056', '1.00000']
  '017.0667': ['2.686', '3.211', '0.080', '-0.65764', '-0.75333', '0.00021', '0.75333',
    '-0.65764', '0.00062', '-0.00033', '0.00057', '1.00000']
  '017.1333': ['2.678', '3.220', '0.080', '-0.66904', '-0.74323', '0.00020', '0.74323',
    '-0.66904', '0.00062', '-0.00033', '0.00057', '1.00000']
  '017.2000': ['2.672', '3.228', '0.080', '-0.67879', '-0.73433', '0.00020', '0.73433',
    '-0.67879', '0.00062', '-0.00032', '0.00056', '1.00000']
  '017.2667': ['2.671', '3.234', '0.080', '-0.70011', '-0.71404', '0.00019', '0.71404',
    '-0.70011', '0.00058', '-0.00028', '0.00054', '1.00000']
  '017.3333': ['2.666', '3.241', '0.080', '-0.72539', '-0.68834', '0.00019', '0.68834',
    '-0.72539', '0.00058', '-0.00027', '0.00055', '1.00000']
  '017.4000': ['2.659', '3.248', '0.080', '-0.74723', '-0.66457', '0.00016', '0.66457',
    '-0.74723', '0.00058', '-0.00026', '0.00054', '1.00000']
  '017.4667': ['2.649', '3.257', '0.080', '-0.76860', '-0.63973', '0.00016', '0.63973',
    '-0.76860', '0.00058', '-0.00025', '0.00055', '1.00000']
  '017.5333': ['2.639', '3.265', '0.080', '-0.79351', '-0.60856', '0.00015', '0.60856',
    '-0.79351', '0.00057', '-0.00023', '0.00054', '1.00000']
  '017.6000': ['2.628', '3.272', '0.080', '-0.81802', '-0.57519', '0.00014', '0.57519',
    '-0.81802', '0.00057', '-0.00021', '0.00055', '1.00000']
  '017.6666': ['2.618', '3.279', '0.080', '-0.84154', '-0.54020', '0.00014', '0.54020',
    '-0.84154', '0.00057', '-0.00020', '0.00056', '1.00000']
  '017.7333': ['2.609', '3.284', '0.080', '-0.85602', '-0.51694', '0.00013', '0.51694',
    '-0.85602', '0.00060', '-0.00020', '0.00058', '1.00000']
  '017.8000': ['2.601', '3.289', '0.080', '-0.86571', '-0.50055', '0.00012', '0.50055',
    '-0.86571', '0.00060', '-0.00020', '0.00058', '1.00000']
