begin_time_stamp: 1583086281.399995
data_header:
  time_stamp: [x, y, z, R11, R12, R13, R21, R22, R23, R31, R32, R33]
trajectory_data:
  '000.0000': ['2.762', '0.699', '0.080', '0.00990', '-0.99995', '-0.00003', '0.99995',
    '0.00990', '-0.00003', '0.00003', '-0.00003', '1.00000']
  '000.0667': ['2.762', '0.704', '0.080', '0.01474', '-0.99989', '-0.00004', '0.99989',
    '0.01474', '-0.00003', '0.00003', '-0.00004', '1.00000']
  '000.1333': ['2.763', '0.710', '0.080', '0.01915', '-0.99982', '-0.00007', '0.99982',
    '0.01915', '0.00012', '-0.00012', '-0.00008', '1.00000']
  '000.2000': ['2.765', '0.705', '0.080', '0.02247', '-0.99975', '0.00003', '0.99975',
    '0.02247', '0.00009', '-0.00010', '0.00003', '1.00000']
  '000.2667': ['2.764', '0.704', '0.080', '0.02629', '-0.99965', '0.00004', '0.99965',
    '0.02629', '0.00009', '-0.00009', '0.00004', '1.00000']
  '000.3333': ['2.765', '0.703', '0.080', '0.03038', '-0.99954', '-0.00006', '0.99954',
    '0.03038', '0.00007', '-0.00007', '-0.00006', '1.00000']
  '000.4000': ['2.767', '0.703', '0.080', '0.03289', '-0.99946', '0.00011', '0.99946',
    '0.03289', '0.00021', '-0.00021', '0.00010', '1.00000']
  '000.4667': ['2.768', '0.703', '0.080', '0.03497', '-0.99939', '0.00013', '0.99939',
    '0.03497', '0.00022', '-0.00022', '0.00012', '1.00000']
  '000.5333': ['2.768', '0.702', '0.080', '0.03724', '-0.99931', '0.00012', '0.99931',
    '0.03724', '0.00022', '-0.00022', '0.00011', '1.00000']
  '000.6000': ['2.767', '0.702', '0.080', '0.04010', '-0.99920', '0.00011', '0.99920',
    '0.04010', '0.00021', '-0.00021', '0.00010', '1.00000']
  '000.6667': ['2.765', '0.702', '0.080', '0.04485', '-0.99899', '0.00000', '0.99899',
    '0.04485', '0.00012', '-0.00012', '-0.00000', '1.00000']
  '000.7333': ['2.763', '0.701', '0.080', '0.05115', '-0.99869', '-0.00011', '0.99869',
    '0.05115', '0.00004', '-0.00003', '-0.00011', '1.00000']
  '000.8000': ['2.761', '0.701', '0.080', '0.04792', '-0.99885', '-0.00022', '0.99885',
    '0.04792', '-0.00005', '0.00006', '-0.00021', '1.00000']
  '000.8667': ['2.759', '0.700', '0.080', '0.04346', '-0.99905', '-0.00033', '0.99905',
    '0.04346', '-0.00013', '0.00014', '-0.00032', '1.00000']
  '000.9333': ['2.756', '0.700', '0.080', '0.04056', '-0.99918', '-0.00043', '0.99918',
    '0.04056', '-0.00021', '0.00023', '-0.00043', '1.00000']
  '001.0000': ['2.757', '0.700', '0.080', '0.03776', '-0.99929', '-0.00040', '0.99929',
    '0.03776', '-0.00020', '0.00021', '-0.00039', '1.00000']
  '001.0667': ['2.760', '0.704', '0.080', '0.03278', '-0.99946', '-0.00008', '0.99946',
    '0.03278', '-0.00006', '0.00006', '-0.00008', '1.00000']
  '001.1333': ['2.761', '0.705', '0.080', '0.02771', '-0.99962', '-0.00002', '0.99962',
    '0.02771', '-0.00004', '0.00004', '-0.00002', '1.00000']
  '001.2000': ['2.764', '0.705', '0.080', '0.02140', '-0.99977', '0.00005', '0.99977',
    '0.02140', '0.00009', '-0.00009', '0.00005', '1.00000']
  '001.2667': ['2.765', '0.704', '0.080', '0.01461', '-0.99989', '0.00005', '0.99989',
    '0.01461', '0.00010', '-0.00010', '0.00005', '1.00000']
  '001.3333': ['2.765', '0.703', '0.080', '0.00731', '-0.99997', '0.00004', '0.99997',
    '0.00731', '0.00010', '-0.00010', '0.00004', '1.00000']
  '001.4000': ['2.765', '0.707', '0.080', '-0.00052', '-1.00000', '0.00004', '1.00000',
    '-0.00052', '0.00010', '-0.00010', '0.00004', '1.00000']
  '001.4667': ['2.765', '0.712', '0.080', '-0.00942', '-0.99996', '0.00003', '0.99996',
    '-0.00942', '0.00012', '-0.00012', '0.00003', '1.00000']
  '001.5333': ['2.765', '0.719', '0.080', '-0.01932', '-0.99981', '0.00002', '0.99981',
    '-0.01932', '0.00012', '-0.00012', '0.00002', '1.00000']
  '001.6000': ['2.764', '0.729', '0.080', '-0.03018', '-0.99954', '0.00002', '0.99954',
    '-0.03018', '0.00013', '-0.00013', '0.00002', '1.00000']
  '001.6667': ['2.765', '0.740', '0.080', '-0.04284', '-0.99908', '-0.00001', '0.99908',
    '-0.04284', '0.00015', '-0.00015', '-0.00000', '1.00000']
  '001.7333': ['2.764', '0.750', '0.080', '-0.05657', '-0.99840', '-0.00001', '0.99840',
    '-0.05657', '0.00016', '-0.00016', '0.00000', '1.00000']
  '001.8000': ['2.763', '0.762', '0.080', '-0.07021', '-0.99753', '-0.00004', '0.99753',
    '-0.07021', '0.00014', '-0.00014', '-0.00003', '1.00000']
  '001.8667': ['2.763', '0.772', '0.080', '-0.07178', '-0.99742', '-0.00006', '0.99742',
    '-0.07178', '0.00011', '-0.00011', '-0.00005', '1.00000']
  '001.9333': ['2.761', '0.784', '0.080', '-0.07363', '-0.99729', '-0.00006', '0.99729',
    '-0.07363', '0.00007', '-0.00007', '-0.00005', '1.00000']
  '002.0000': ['2.761', '0.795', '0.080', '-0.07548', '-0.99715', '-0.00006', '0.99715',
    '-0.07548', '0.00004', '-0.00005', '-0.00005', '1.00000']
  '002.0667': ['2.760', '0.805', '0.080', '-0.07736', '-0.99700', '-0.00006', '0.99700',
    '-0.07736', '0.00004', '-0.00004', '-0.00006', '1.00000']
  '002.1333': ['2.759', '0.810', '0.080', '-0.07817', '-0.99694', '0.00001', '0.99694',
    '-0.07817', '-0.00007', '0.00007', '0.00000', '1.00000']
  '002.2000': ['2.758', '0.821', '0.080', '-0.07810', '-0.99695', '0.00001', '0.99695',
    '-0.07810', '-0.00007', '0.00007', '0.00000', '1.00000']
  '002.2667': ['2.757', '0.832', '0.080', '-0.07732', '-0.99701', '-0.00000', '0.99701',
    '-0.07732', '-0.00006', '0.00006', '-0.00001', '1.00000']
  '002.3333': ['2.756', '0.842', '0.080', '-0.07627', '-0.99709', '-0.00001', '0.99709',
    '-0.07627', '-0.00007', '0.00007', '-0.00002', '1.00000']
  '002.4000': ['2.756', '0.856', '0.080', '-0.07501', '-0.99718', '-0.00002', '0.99718',
    '-0.07501', '-0.00005', '0.00005', '-0.00002', '1.00000']
  '002.4667': ['2.756', '0.873', '0.080', '-0.07325', '-0.99731', '-0.00009', '0.99731',
    '-0.07325', '0.00006', '-0.00007', '-0.00009', '1.00000']
  '002.5333': ['2.755', '0.876', '0.080', '-0.06950', '-0.99758', '-0.00002', '0.99758',
    '-0.06950', '-0.00003', '0.00002', '-0.00002', '1.00000']
  '002.6000': ['2.754', '0.887', '0.080', '-0.06333', '-0.99799', '-0.00002', '0.99799',
    '-0.06333', '-0.00005', '0.00005', '-0.00002', '1.00000']
  '002.6667': ['2.753', '0.895', '0.080', '-0.05649', '-0.99840', '-0.00001', '0.99840',
    '-0.05649', '-0.00004', '0.00004', '-0.00002', '1.00000']
  '002.7333': ['2.753', '0.905', '0.080', '-0.05580', '-0.99844', '-0.00002', '0.99844',
    '-0.05580', '-0.00004', '0.00004', '-0.00002', '1.00000']
  '002.8000': ['2.752', '0.915', '0.080', '-0.05491', '-0.99849', '-0.00002', '0.99849',
    '-0.05491', '-0.00007', '0.00006', '-0.00003', '1.00000']
  '002.8667': ['2.752', '0.925', '0.080', '-0.05400', '-0.99854', '-0.00002', '0.99854',
    '-0.05400', '-0.00008', '0.00007', '-0.00002', '1.00000']
  '002.9333': ['2.751', '0.936', '0.080', '-0.05301', '-0.99859', '-0.00002', '0.99859',
    '-0.05301', '-0.00007', '0.00007', '-0.00002', '1.00000']
  '003.0000': ['2.751', '0.946', '0.080', '-0.05201', '-0.99865', '-0.00002', '0.99865',
    '-0.05201', '-0.00007', '0.00007', '-0.00003', '1.00000']
  '003.0667': ['2.750', '0.957', '0.080', '-0.05083', '-0.99871', '-0.00003', '0.99871',
    '-0.05083', '-0.00004', '0.00004', '-0.00004', '1.00000']
  '003.1333': ['2.749', '0.967', '0.080', '-0.04944', '-0.99878', '-0.00004', '0.99878',
    '-0.04944', '-0.00005', '0.00004', '-0.00004', '1.00000']
  '003.2000': ['2.749', '0.977', '0.080', '-0.04828', '-0.99883', '-0.00006', '0.99883',
    '-0.04828', '-0.00004', '0.00004', '-0.00006', '1.00000']
  '003.2667': ['2.748', '0.988', '0.080', '-0.04724', '-0.99888', '-0.00004', '0.99888',
    '-0.04724', '-0.00006', '0.00005', '-0.00005', '1.00000']
  '003.3333': ['2.748', '0.998', '0.080', '-0.04684', '-0.99890', '-0.00004', '0.99890',
    '-0.04684', '-0.00005', '0.00005', '-0.00004', '1.00000']
  '003.4000': ['2.748', '1.009', '0.080', '-0.04697', '-0.99890', '-0.00003', '0.99890',
    '-0.04697', '-0.00005', '0.00005', '-0.00003', '1.00000']
  '003.4667': ['2.747', '1.020', '0.080', '-0.04708', '-0.99889', '-0.00002', '0.99889',
    '-0.04708', '-0.00004', '0.00004', '-0.00002', '1.00000']
  '003.5333': ['2.746', '1.031', '0.080', '-0.04738', '-0.99888', '-0.00002', '0.99888',
    '-0.04738', '-0.00004', '0.00004', '-0.00002', '1.00000']
  '003.6000': ['2.746', '1.042', '0.080', '-0.04859', '-0.99882', '-0.00002', '0.99882',
    '-0.04859', '-0.00003', '0.00003', '-0.00002', '1.00000']
  '003.6667': ['2.745', '1.054', '0.080', '-0.04907', '-0.99880', '-0.00002', '0.99880',
    '-0.04907', '-0.00004', '0.00004', '-0.00002', '1.00000']
  '003.7333': ['2.745', '1.065', '0.080', '-0.04710', '-0.99889', '-0.00001', '0.99889',
    '-0.04710', '-0.00003', '0.00003', '-0.00001', '1.00000']
  '003.8000': ['2.744', '1.077', '0.080', '-0.04542', '-0.99897', '0.00001', '0.99897',
    '-0.04542', '-0.00002', '0.00002', '0.00001', '1.00000']
  '003.8667': ['2.744', '1.087', '0.080', '-0.04425', '-0.99902', '0.00001', '0.99902',
    '-0.04425', '-0.00001', '0.00001', '0.00001', '1.00000']
  '003.9333': ['2.743', '1.098', '0.080', '-0.04319', '-0.99907', '-0.00000', '0.99907',
    '-0.04319', '-0.00001', '0.00001', '-0.00000', '1.00000']
  '004.0000': ['2.740', '1.111', '0.080', '-0.04104', '-0.99916', '-0.00016', '0.99916',
    '-0.04104', '-0.00007', '0.00007', '-0.00016', '1.00000']
  '004.0667': ['2.739', '1.122', '0.080', '-0.03903', '-0.99924', '-0.00017', '0.99924',
    '-0.03903', '-0.00007', '0.00006', '-0.00017', '1.00000']
  '004.1333': ['2.738', '1.131', '0.080', '-0.03727', '-0.99931', '-0.00016', '0.99931',
    '-0.03727', '-0.00008', '0.00008', '-0.00017', '1.00000']
  '004.2000': ['2.738', '1.140', '0.080', '-0.03586', '-0.99936', '-0.00015', '0.99936',
    '-0.03586', '-0.00009', '0.00008', '-0.00015', '1.00000']
  '004.2667': ['2.737', '1.151', '0.080', '-0.03667', '-0.99933', '-0.00014', '0.99933',
    '-0.03667', '-0.00010', '0.00010', '-0.00014', '1.00000']
  '004.3333': ['2.736', '1.161', '0.080', '-0.02817', '-0.99960', '-0.00015', '0.99960',
    '-0.02817', '-0.00012', '0.00011', '-0.00015', '1.00000']
  '004.4000': ['2.736', '1.170', '0.080', '-0.01785', '-0.99984', '-0.00017', '0.99984',
    '-0.01785', '-0.00014', '0.00014', '-0.00017', '1.00000']
  '004.4667': ['2.735', '1.179', '0.080', '-0.00715', '-0.99997', '-0.00015', '0.99997',
    '-0.00715', '-0.00015', '0.00015', '-0.00015', '1.00000']
  '004.5333': ['2.735', '1.189', '0.080', '0.00413', '-0.99999', '-0.00015', '0.99999',
    '0.00413', '-0.00015', '0.00015', '-0.00015', '1.00000']
  '004.6000': ['2.735', '1.199', '0.080', '0.00534', '-0.99999', '-0.00015', '0.99999',
    '0.00534', '-0.00015', '0.00015', '-0.00015', '1.00000']
  '004.6667': ['2.735', '1.208', '0.080', '0.00629', '-0.99998', '-0.00016', '0.99998',
    '0.00629', '-0.00014', '0.00014', '-0.00016', '1.00000']
  '004.7333': ['2.735', '1.217', '0.080', '0.00738', '-0.99997', '-0.00016', '0.99997',
    '0.00738', '-0.00013', '0.00013', '-0.00016', '1.00000']
  '004.8000': ['2.735', '1.228', '0.080', '0.00855', '-0.99996', '-0.00015', '0.99996',
    '0.00855', '-0.00011', '0.00011', '-0.00015', '1.00000']
  '004.8667': ['2.735', '1.238', '0.080', '0.00992', '-0.99995', '-0.00014', '0.99995',
    '0.00992', '-0.00010', '0.00010', '-0.00014', '1.00000']
  '004.9333': ['2.734', '1.249', '0.080', '0.01174', '-0.99993', '-0.00013', '0.99993',
    '0.01174', '-0.00006', '0.00007', '-0.00013', '1.00000']
  '005.0000': ['2.734', '1.260', '0.080', '0.01397', '-0.99990', '-0.00014', '0.99990',
    '0.01397', '-0.00003', '0.00003', '-0.00014', '1.00000']
  '005.0667': ['2.734', '1.272', '0.080', '0.01682', '-0.99986', '-0.00012', '0.99986',
    '0.01682', '-0.00000', '0.00000', '-0.00012', '1.00000']
  '005.1333': ['2.734', '1.282', '0.080', '0.02023', '-0.99980', '-0.00012', '0.99980',
    '0.02023', '0.00002', '-0.00002', '-0.00012', '1.00000']
  '005.2000': ['2.735', '1.293', '0.080', '0.02406', '-0.99971', '-0.00012', '0.99971',
    '0.02406', '0.00003', '-0.00003', '-0.00012', '1.00000']
  '005.2667': ['2.735', '1.304', '0.080', '0.02828', '-0.99960', '-0.00009', '0.99960',
    '0.02828', '0.00002', '-0.00002', '-0.00009', '1.00000']
  '005.3333': ['2.735', '1.315', '0.080', '0.03292', '-0.99946', '-0.00008', '0.99946',
    '0.03292', '0.00002', '-0.00002', '-0.00008', '1.00000']
  '005.4000': ['2.735', '1.326', '0.080', '0.03800', '-0.99928', '-0.00010', '0.99928',
    '0.03800', '0.00003', '-0.00003', '-0.00010', '1.00000']
  '005.4667': ['2.735', '1.336', '0.080', '0.04327', '-0.99906', '-0.00009', '0.99906',
    '0.04327', '0.00002', '-0.00002', '-0.00009', '1.00000']
  '005.5333': ['2.736', '1.347', '0.080', '0.04845', '-0.99883', '-0.00010', '0.99883',
    '0.04845', '0.00002', '-0.00002', '-0.00010', '1.00000']
  '005.6000': ['2.737', '1.359', '0.080', '0.05352', '-0.99857', '-0.00010', '0.99857',
    '0.05352', '0.00003', '-0.00002', '-0.00010', '1.00000']
  '005.6667': ['2.738', '1.372', '0.080', '0.05830', '-0.99830', '-0.00010', '0.99830',
    '0.05830', '0.00003', '-0.00002', '-0.00010', '1.00000']
  '005.7333': ['2.739', '1.383', '0.080', '0.06219', '-0.99806', '-0.00009', '0.99806',
    '0.06219', '0.00001', '-0.00000', '-0.00009', '1.00000']
  '005.8000': ['2.742', '1.390', '0.080', '0.06318', '-0.99800', '-0.00009', '0.99800',
    '0.06318', '-0.00015', '0.00016', '-0.00008', '1.00000']
  '005.8667': ['2.743', '1.402', '0.080', '0.06557', '-0.99785', '-0.00009', '0.99785',
    '0.06557', '-0.00016', '0.00016', '-0.00008', '1.00000']
  '005.9333': ['2.743', '1.413', '0.080', '0.06854', '-0.99765', '-0.00009', '0.99765',
    '0.06854', '-0.00015', '0.00016', '-0.00008', '1.00000']
  '006.0000': ['2.744', '1.423', '0.080', '0.07208', '-0.99740', '-0.00010', '0.99740',
    '0.07208', '-0.00013', '0.00014', '-0.00009', '1.00000']
  '006.0667': ['2.744', '1.435', '0.080', '0.07664', '-0.99706', '-0.00009', '0.99706',
    '0.07664', '-0.00012', '0.00013', '-0.00008', '1.00000']
  '006.1333': ['2.745', '1.447', '0.080', '0.08122', '-0.99670', '-0.00009', '0.99670',
    '0.08122', '-0.00011', '0.00011', '-0.00008', '1.00000']
  '006.2000': ['2.746', '1.458', '0.080', '0.08122', '-0.99670', '-0.00011', '0.99670',
    '0.08122', '-0.00009', '0.00010', '-0.00010', '1.00000']
  '006.2667': ['2.746', '1.471', '0.080', '0.07671', '-0.99705', '-0.00011', '0.99705',
    '0.07671', '-0.00008', '0.00008', '-0.00010', '1.00000']
  '006.3333': ['2.746', '1.482', '0.080', '0.07337', '-0.99730', '-0.00011', '0.99730',
    '0.07337', '-0.00006', '0.00007', '-0.00011', '1.00000']
  '006.4000': ['2.746', '1.495', '0.080', '0.07118', '-0.99746', '-0.00010', '0.99746',
    '0.07118', '-0.00005', '0.00005', '-0.00010', '1.00000']
  '006.4667': ['2.747', '1.506', '0.080', '0.06973', '-0.99757', '-0.00010', '0.99757',
    '0.06973', '-0.00004', '0.00005', '-0.00009', '1.00000']
  '006.5333': ['2.748', '1.518', '0.080', '0.06890', '-0.99762', '-0.00010', '0.99762',
    '0.06890', '-0.00004', '0.00005', '-0.00009', '1.00000']
  '006.6000': ['2.749', '1.528', '0.080', '0.06866', '-0.99764', '-0.00011', '0.99764',
    '0.06866', '-0.00004', '0.00005', '-0.00011', '1.00000']
  '006.6667': ['2.750', '1.538', '0.080', '0.04597', '-0.99894', '-0.00012', '0.99894',
    '0.04597', '-0.00003', '0.00003', '-0.00011', '1.00000']
  '006.7333': ['2.751', '1.548', '0.080', '-0.03784', '-0.99928', '-0.00009', '0.99928',
    '-0.03784', '-0.00003', '0.00002', '-0.00009', '1.00000']
  '006.8000': ['2.752', '1.552', '0.080', '-0.04557', '-0.99896', '0.00002', '0.99896',
    '-0.04557', '0.00001', '-0.00001', '0.00002', '1.00000']
  '006.8667': ['2.752', '1.559', '0.080', '-0.05820', '-0.99830', '0.00002', '0.99830',
    '-0.05820', '0.00002', '-0.00002', '0.00002', '1.00000']
  '006.9333': ['2.751', '1.567', '0.080', '-0.07389', '-0.99727', '0.00000', '0.99727',
    '-0.07389', '0.00004', '-0.00004', '0.00000', '1.00000']
  '007.0000': ['2.750', '1.577', '0.080', '-0.08263', '-0.99658', '-0.00002', '0.99658',
    '-0.08263', '0.00004', '-0.00004', '-0.00001', '1.00000']
  '007.0667': ['2.749', '1.586', '0.080', '-0.08341', '-0.99652', '-0.00001', '0.99652',
    '-0.08341', '0.00006', '-0.00006', '-0.00001', '1.00000']
  '007.1333': ['2.749', '1.597', '0.080', '-0.08480', '-0.99640', '-0.00003', '0.99640',
    '-0.08480', '0.00006', '-0.00006', '-0.00002', '1.00000']
  '007.2000': ['2.748', '1.607', '0.080', '-0.08629', '-0.99627', '-0.00001', '0.99627',
    '-0.08629', '0.00005', '-0.00005', '-0.00001', '1.00000']
  '007.2667': ['2.748', '1.618', '0.080', '-0.08871', '-0.99606', '-0.00000', '0.99606',
    '-0.08871', '0.00006', '-0.00006', '0.00000', '1.00000']
  '007.3333': ['2.748', '1.628', '0.080', '-0.08079', '-0.99673', '0.00002', '0.99673',
    '-0.08079', '0.00007', '-0.00007', '0.00003', '1.00000']
  '007.4000': ['2.747', '1.639', '0.080', '-0.07307', '-0.99733', '0.00003', '0.99733',
    '-0.07307', '0.00008', '-0.00007', '0.00004', '1.00000']
  '007.4667': ['2.747', '1.650', '0.080', '-0.06507', '-0.99788', '0.00002', '0.99788',
    '-0.06507', '0.00009', '-0.00008', '0.00003', '1.00000']
  '007.5333': ['2.746', '1.661', '0.080', '-0.05569', '-0.99845', '0.00002', '0.99845',
    '-0.05569', '0.00008', '-0.00007', '0.00002', '1.00000']
  '007.6000': ['2.745', '1.672', '0.080', '-0.04659', '-0.99891', '0.00001', '0.99891',
    '-0.04659', '0.00009', '-0.00009', '0.00001', '1.00000']
  '007.6667': ['2.744', '1.683', '0.080', '-0.04248', '-0.99910', '0.00003', '0.99910',
    '-0.04248', '0.00010', '-0.00010', '0.00003', '1.00000']
  '007.7333': ['2.744', '1.695', '0.080', '-0.03766', '-0.99929', '0.00003', '0.99929',
    '-0.03766', '0.00012', '-0.00012', '0.00004', '1.00000']
  '007.8000': ['2.744', '1.707', '0.080', '-0.03256', '-0.99947', '0.00005', '0.99947',
    '-0.03256', '0.00013', '-0.00013', '0.00006', '1.00000']
  '007.8667': ['2.745', '1.717', '0.080', '-0.02751', '-0.99962', '0.00005', '0.99962',
    '-0.02751', '0.00014', '-0.00013', '0.00006', '1.00000']
  '007.9333': ['2.746', '1.726', '0.080', '-0.02263', '-0.99974', '0.00008', '0.99974',
    '-0.02263', '0.00014', '-0.00014', '0.00008', '1.00000']
  '008.0000': ['2.748', '1.731', '0.080', '-0.01870', '-0.99983', '0.00023', '0.99983',
    '-0.01870', '0.00009', '-0.00009', '0.00024', '1.00000']
  '008.0667': ['2.748', '1.742', '0.080', '-0.01178', '-0.99993', '0.00028', '0.99993',
    '-0.01178', '0.00009', '-0.00009', '0.00029', '1.00000']
  '008.1333': ['2.748', '1.752', '0.080', '-0.00876', '-0.99996', '0.00027', '0.99996',
    '-0.00876', '0.00007', '-0.00007', '0.00027', '1.00000']
  '008.2000': ['2.748', '1.762', '0.080', '-0.00422', '-0.99999', '0.00027', '0.99999',
    '-0.00422', '0.00006', '-0.00005', '0.00027', '1.00000']
  '008.2667': ['2.748', '1.771', '0.080', '0.00157', '-1.00000', '0.00027', '1.00000',
    '0.00157', '0.00005', '-0.00005', '0.00027', '1.00000']
  '008.3333': ['2.749', '1.780', '0.080', '0.00761', '-0.99997', '0.00025', '0.99997',
    '0.00761', '0.00004', '-0.00004', '0.00025', '1.00000']
  '008.4000': ['2.749', '1.790', '0.080', '0.01427', '-0.99990', '0.00024', '0.99990',
    '0.01427', '0.00003', '-0.00003', '0.00024', '1.00000']
  '008.4667': ['2.749', '1.798', '0.080', '0.02109', '-0.99978', '0.00024', '0.99978',
    '0.02109', '0.00002', '-0.00003', '0.00024', '1.00000']
  '008.5333': ['2.750', '1.808', '0.080', '0.02774', '-0.99962', '0.00024', '0.99962',
    '0.02774', '0.00001', '-0.00002', '0.00024', '1.00000']
  '008.6000': ['2.751', '1.819', '0.080', '0.03421', '-0.99941', '0.00024', '0.99941',
    '0.03421', '-0.00000', '-0.00001', '0.00024', '1.00000']
  '008.6667': ['2.751', '1.829', '0.080', '0.04020', '-0.99919', '0.00024', '0.99919',
    '0.04020', '-0.00001', '-0.00000', '0.00024', '1.00000']
  '008.7333': ['2.752', '1.838', '0.080', '0.04567', '-0.99896', '0.00024', '0.99896',
    '0.04567', '0.00001', '-0.00002', '0.00024', '1.00000']
  '008.8000': ['2.753', '1.850', '0.080', '0.05055', '-0.99872', '0.00025', '0.99872',
    '0.05055', '0.00002', '-0.00003', '0.00025', '1.00000']
  '008.8667': ['2.753', '1.860', '0.080', '0.05537', '-0.99847', '0.00025', '0.99847',
    '0.05537', '0.00002', '-0.00003', '0.00024', '1.00000']
  '008.9333': ['2.754', '1.869', '0.080', '0.06069', '-0.99816', '0.00024', '0.99816',
    '0.06069', '0.00004', '-0.00005', '0.00024', '1.00000']
  '009.0000': ['2.754', '1.879', '0.080', '0.06690', '-0.99776', '0.00024', '0.99776',
    '0.06690', '0.00004', '-0.00005', '0.00024', '1.00000']
  '009.0667': ['2.755', '1.891', '0.080', '0.07437', '-0.99723', '0.00024', '0.99723',
    '0.07437', '0.00004', '-0.00006', '0.00023', '1.00000']
  '009.1333': ['2.756', '1.903', '0.080', '0.08300', '-0.99655', '0.00023', '0.99655',
    '0.08300', '0.00005', '-0.00007', '0.00023', '1.00000']
  '009.2000': ['2.758', '1.916', '0.080', '0.09238', '-0.99572', '0.00024', '0.99572',
    '0.09238', '0.00006', '-0.00008', '0.00024', '1.00000']
  '009.2667': ['2.760', '1.928', '0.080', '0.09947', '-0.99504', '0.00026', '0.99504',
    '0.09947', '0.00006', '-0.00009', '0.00025', '1.00000']
  '009.3333': ['2.761', '1.940', '0.080', '0.09974', '-0.99501', '0.00027', '0.99501',
    '0.09974', '0.00008', '-0.00010', '0.00026', '1.00000']
  '009.4000': ['2.762', '1.949', '0.080', '0.10033', '-0.99495', '0.00026', '0.99495',
    '0.10033', '0.00008', '-0.00011', '0.00025', '1.00000']
  '009.4667': ['2.764', '1.960', '0.080', '0.10055', '-0.99493', '0.00026', '0.99493',
    '0.10055', '0.00008', '-0.00010', '0.00025', '1.00000']
  '009.5333': ['2.765', '1.971', '0.080', '0.10026', '-0.99496', '0.00025', '0.99496',
    '0.10026', '0.00008', '-0.00010', '0.00024', '1.00000']
  '009.6000': ['2.768', '1.984', '0.080', '0.09874', '-0.99511', '0.00024', '0.99511',
    '0.09874', '0.00006', '-0.00009', '0.00023', '1.00000']
  '009.6667': ['2.769', '1.995', '0.080', '0.09688', '-0.99530', '0.00024', '0.99530',
    '0.09688', '0.00006', '-0.00008', '0.00023', '1.00000']
  '009.7333': ['2.770', '2.007', '0.080', '0.09454', '-0.99552', '0.00023', '0.99552',
    '0.09454', '0.00006', '-0.00008', '0.00022', '1.00000']
  '009.8000': ['2.772', '2.017', '0.080', '0.09138', '-0.99582', '0.00022', '0.99582',
    '0.09138', '0.00006', '-0.00008', '0.00021', '1.00000']
  '009.8667': ['2.773', '2.028', '0.080', '0.08878', '-0.99605', '0.00022', '0.99605',
    '0.08878', '0.00005', '-0.00007', '0.00021', '1.00000']
  '009.9333': ['2.775', '2.040', '0.080', '0.08788', '-0.99613', '0.00021', '0.99613',
    '0.08788', '0.00005', '-0.00007', '0.00020', '1.00000']
  '010.0000': ['2.777', '2.052', '0.080', '0.08101', '-0.99671', '0.00019', '0.99671',
    '0.08101', '0.00005', '-0.00007', '0.00019', '1.00000']
  '010.0667': ['2.778', '2.063', '0.080', '0.07465', '-0.99721', '0.00020', '0.99721',
    '0.07465', '0.00005', '-0.00007', '0.00020', '1.00000']
  '010.1333': ['2.779', '2.074', '0.080', '0.06839', '-0.99766', '0.00021', '0.99766',
    '0.06839', '0.00006', '-0.00008', '0.00021', '1.00000']
  '010.2000': ['2.779', '2.086', '0.080', '0.06128', '-0.99812', '0.00021', '0.99812',
    '0.06128', '0.00007', '-0.00009', '0.00020', '1.00000']
  '010.2667': ['2.781', '2.098', '0.080', '0.05722', '-0.99836', '0.00020', '0.99836',
    '0.05722', '0.00008', '-0.00009', '0.00020', '1.00000']
  '010.3333': ['2.782', '2.110', '0.080', '0.05698', '-0.99838', '0.00019', '0.99838',
    '0.05698', '0.00007', '-0.00008', '0.00018', '1.00000']
  '010.4000': ['2.783', '2.122', '0.080', '0.05702', '-0.99837', '0.00020', '0.99837',
    '0.05702', '0.00008', '-0.00010', '0.00019', '1.00000']
  '010.4667': ['2.784', '2.133', '0.080', '0.05791', '-0.99832', '0.00021', '0.99832',
    '0.05791', '0.00009', '-0.00011', '0.00021', '1.00000']
  '010.5333': ['2.785', '2.145', '0.080', '0.05947', '-0.99823', '0.00021', '0.99823',
    '0.05947', '0.00010', '-0.00011', '0.00020', '1.00000']
  '010.6000': ['2.786', '2.155', '0.080', '0.06163', '-0.99810', '0.00020', '0.99810',
    '0.06163', '0.00011', '-0.00012', '0.00019', '1.00000']
  '010.6667': ['2.787', '2.167', '0.080', '0.06409', '-0.99794', '0.00019', '0.99794',
    '0.06409', '0.00012', '-0.00013', '0.00018', '1.00000']
  '010.7333': ['2.788', '2.178', '0.080', '0.06767', '-0.99771', '0.00019', '0.99771',
    '0.06767', '0.00012', '-0.00014', '0.00018', '1.00000']
  '010.8000': ['2.789', '2.189', '0.080', '0.06009', '-0.99819', '0.00018', '0.99819',
    '0.06009', '0.00014', '-0.00015', '0.00017', '1.00000']
  '010.8667': ['2.790', '2.202', '0.080', '0.04990', '-0.99875', '0.00018', '0.99875',
    '0.04990', '0.00015', '-0.00016', '0.00017', '1.00000']
  '010.9333': ['2.792', '2.214', '0.080', '0.04614', '-0.99893', '0.00015', '0.99893',
    '0.04614', '0.00017', '-0.00017', '0.00015', '1.00000']
  '011.0000': ['2.792', '2.225', '0.080', '0.04184', '-0.99912', '0.00015', '0.99912',
    '0.04184', '0.00017', '-0.00017', '0.00014', '1.00000']
  '011.0667': ['2.793', '2.235', '0.080', '0.03706', '-0.99931', '0.00014', '0.99931',
    '0.03706', '0.00017', '-0.00018', '0.00013', '1.00000']
  '011.1333': ['2.794', '2.247', '0.080', '0.03283', '-0.99946', '0.00012', '0.99946',
    '0.03283', '0.00017', '-0.00017', '0.00012', '1.00000']
  '011.2000': ['2.794', '2.259', '0.080', '0.03086', '-0.99952', '0.00012', '0.99952',
    '0.03086', '0.00018', '-0.00018', '0.00012', '1.00000']
  '011.2667': ['2.794', '2.270', '0.080', '0.02888', '-0.99958', '0.00013', '0.99958',
    '0.02888', '0.00020', '-0.00020', '0.00013', '1.00000']
  '011.3333': ['2.794', '2.283', '0.080', '0.02703', '-0.99963', '0.00013', '0.99963',
    '0.02703', '0.00019', '-0.00019', '0.00012', '1.00000']
  '011.4000': ['2.795', '2.295', '0.080', '0.02516', '-0.99968', '0.00013', '0.99968',
    '0.02516', '0.00022', '-0.00022', '0.00012', '1.00000']
  '011.4667': ['2.796', '2.308', '0.080', '0.02297', '-0.99974', '0.00012', '0.99974',
    '0.02297', '0.00024', '-0.00025', '0.00012', '1.00000']
  '011.5333': ['2.797', '2.320', '0.080', '0.01991', '-0.99980', '0.00013', '0.99980',
    '0.01991', '0.00026', '-0.00027', '0.00013', '1.00000']
  '011.6000': ['2.800', '2.336', '0.080', '0.01401', '-0.99990', '0.00024', '0.99990',
    '0.01401', '0.00015', '-0.00015', '0.00024', '1.00000']
  '011.6667': ['2.801', '2.350', '0.080', '0.00715', '-0.99997', '0.00024', '0.99997',
    '0.00715', '0.00015', '-0.00016', '0.00024', '1.00000']
  '011.7333': ['2.801', '2.360', '0.080', '-0.00003', '-1.00000', '0.00024', '1.00000',
    '-0.00003', '0.00016', '-0.00016', '0.00024', '1.00000']
  '011.8000': ['2.799', '2.370', '0.080', '-0.00666', '-0.99998', '0.00023', '0.99998',
    '-0.00666', '0.00015', '-0.00015', '0.00024', '1.00000']
  '011.8667': ['2.792', '2.378', '0.080', '-0.00734', '-0.99997', '0.00030', '0.99997',
    '-0.00734', '0.00003', '-0.00003', '0.00030', '1.00000']
  '011.9333': ['2.790', '2.389', '0.080', '-0.00470', '-0.99999', '0.00030', '0.99999',
    '-0.00470', '0.00002', '-0.00002', '0.00030', '1.00000']
  '012.0000': ['2.789', '2.400', '0.080', '-0.00202', '-1.00000', '0.00031', '1.00000',
    '-0.00202', '0.00003', '-0.00003', '0.00031', '1.00000']
  '012.0667': ['2.789', '2.410', '0.080', '0.00041', '-1.00000', '0.00031', '1.00000',
    '0.00041', '0.00003', '-0.00003', '0.00031', '1.00000']
  '012.1333': ['2.789', '2.421', '0.080', '0.00253', '-1.00000', '0.00030', '1.00000',
    '0.00253', '0.00004', '-0.00004', '0.00030', '1.00000']
  '012.2000': ['2.789', '2.435', '0.080', '0.00432', '-0.99999', '0.00029', '0.99999',
    '0.00432', '0.00004', '-0.00005', '0.00029', '1.00000']
  '012.2667': ['2.789', '2.447', '0.080', '0.00587', '-0.99998', '0.00029', '0.99998',
    '0.00587', '0.00004', '-0.00004', '0.00029', '1.00000']
  '012.3333': ['2.789', '2.458', '0.080', '0.00718', '-0.99997', '0.00029', '0.99997',
    '0.00718', '0.00006', '-0.00006', '0.00029', '1.00000']
  '012.4000': ['2.789', '2.469', '0.080', '0.00830', '-0.99997', '0.00029', '0.99997',
    '0.00830', '0.00006', '-0.00006', '0.00029', '1.00000']
  '012.4667': ['2.789', '2.480', '0.080', '0.00910', '-0.99996', '0.00031', '0.99996',
    '0.00910', '0.00006', '-0.00007', '0.00031', '1.00000']
  '012.5333': ['2.789', '2.492', '0.080', '0.00944', '-0.99996', '0.00032', '0.99996',
    '0.00944', '0.00008', '-0.00009', '0.00032', '1.00000']
  '012.6000': ['2.789', '2.502', '0.080', '0.00982', '-0.99995', '0.00032', '0.99995',
    '0.00982', '0.00010', '-0.00010', '0.00032', '1.00000']
  '012.6667': ['2.788', '2.515', '0.080', '0.01034', '-0.99995', '0.00032', '0.99995',
    '0.01034', '0.00011', '-0.00011', '0.00032', '1.00000']
  '012.7333': ['2.788', '2.529', '0.080', '0.01116', '-0.99994', '0.00033', '0.99994',
    '0.01116', '0.00012', '-0.00012', '0.00033', '1.00000']
  '012.8000': ['2.788', '2.542', '0.080', '0.01539', '-0.99988', '0.00033', '0.99988',
    '0.01539', '0.00013', '-0.00014', '0.00033', '1.00000']
  '012.8667': ['2.788', '2.553', '0.080', '0.02378', '-0.99972', '0.00035', '0.99972',
    '0.02378', '0.00015', '-0.00016', '0.00034', '1.00000']
  '012.9333': ['2.789', '2.565', '0.080', '0.03261', '-0.99947', '0.00035', '0.99947',
    '0.03261', '0.00015', '-0.00016', '0.00034', '1.00000']
  '013.0000': ['2.789', '2.574', '0.080', '0.03332', '-0.99944', '0.00034', '0.99944',
    '0.03332', '0.00016', '-0.00017', '0.00034', '1.00000']
  '013.0667': ['2.789', '2.584', '0.080', '0.03309', '-0.99945', '0.00035', '0.99945',
    '0.03309', '0.00017', '-0.00018', '0.00035', '1.00000']
  '013.1333': ['2.789', '2.594', '0.080', '0.03258', '-0.99947', '0.00036', '0.99947',
    '0.03258', '0.00018', '-0.00019', '0.00036', '1.00000']
  '013.2000': ['2.789', '2.605', '0.080', '0.03199', '-0.99949', '0.00037', '0.99949',
    '0.03199', '0.00018', '-0.00019', '0.00036', '1.00000']
  '013.2667': ['2.789', '2.619', '0.080', '0.02837', '-0.99960', '0.00038', '0.99960',
    '0.02837', '0.00019', '-0.00020', '0.00038', '1.00000']
  '013.3333': ['2.789', '2.632', '0.080', '0.02345', '-0.99973', '0.00037', '0.99973',
    '0.02345', '0.00020', '-0.00021', '0.00037', '1.00000']
  '013.4000': ['2.789', '2.643', '0.080', '0.01563', '-0.99988', '0.00037', '0.99988',
    '0.01563', '0.00021', '-0.00022', '0.00036', '1.00000']
  '013.4667': ['2.789', '2.655', '0.080', '0.00772', '-0.99997', '0.00036', '0.99997',
    '0.00772', '0.00022', '-0.00022', '0.00036', '1.00000']
  '013.5333': ['2.789', '2.667', '0.080', '0.00427', '-0.99999', '0.00035', '0.99999',
    '0.00427', '0.00022', '-0.00023', '0.00034', '1.00000']
  '013.6000': ['2.788', '2.676', '0.080', '0.00249', '-1.00000', '0.00034', '1.00000',
    '0.00249', '0.00022', '-0.00022', '0.00034', '1.00000']
  '013.6667': ['2.788', '2.686', '0.080', '0.00034', '-1.00000', '0.00034', '1.00000',
    '0.00034', '0.00024', '-0.00024', '0.00034', '1.00000']
  '013.7333': ['2.787', '2.699', '0.080', '-0.01112', '-0.99994', '0.00036', '0.99994',
    '-0.01112', '0.00026', '-0.00025', '0.00036', '1.00000']
  '013.8000': ['2.785', '2.710', '0.080', '-0.02160', '-0.99977', '0.00033', '0.99977',
    '-0.02160', '0.00027', '-0.00026', '0.00034', '1.00000']
  '013.8667': ['2.782', '2.712', '0.080', '-0.03030', '-0.99954', '0.00027', '0.99954',
    '-0.03030', '0.00022', '-0.00022', '0.00028', '1.00000']
  '013.9333': ['2.777', '2.724', '0.080', '-0.02842', '-0.99960', '0.00024', '0.99960',
    '-0.02842', '0.00013', '-0.00012', '0.00024', '1.00000']
  '014.0000': ['2.780', '2.735', '0.080', '-0.02845', '-0.99960', '0.00027', '0.99960',
    '-0.02845', '0.00025', '-0.00024', '0.00028', '1.00000']
  '014.0667': ['2.782', '2.749', '0.080', '-0.03135', '-0.99951', '0.00029', '0.99951',
    '-0.03135', '0.00028', '-0.00027', '0.00030', '1.00000']
  '014.1333': ['2.783', '2.763', '0.080', '-0.02457', '-0.99970', '0.00029', '0.99970',
    '-0.02457', '0.00029', '-0.00028', '0.00030', '1.00000']
  '014.2000': ['2.784', '2.773', '0.080', '-0.02244', '-0.99975', '0.00028', '0.99975',
    '-0.02244', '0.00030', '-0.00029', '0.00029', '1.00000']
  '014.2667': ['2.784', '2.786', '0.080', '-0.01673', '-0.99986', '0.00028', '0.99986',
    '-0.01673', '0.00029', '-0.00028', '0.00028', '1.00000']
  '014.3333': ['2.784', '2.799', '0.080', '-0.00204', '-1.00000', '0.00028', '1.00000',
    '-0.00204', '0.00027', '-0.00026', '0.00028', '1.00000']
  '014.4000': ['2.783', '2.812', '0.080', '0.01602', '-0.99987', '0.00030', '0.99987',
    '0.01602', '0.00027', '-0.00028', '0.00029', '1.00000']
  '014.4667': ['2.783', '2.824', '0.080', '0.02593', '-0.99966', '0.00029', '0.99966',
    '0.02593', '0.00027', '-0.00028', '0.00028', '1.00000']
  '014.5333': ['2.783', '2.837', '0.080', '0.02929', '-0.99957', '0.00028', '0.99957',
    '0.02929', '0.00025', '-0.00026', '0.00027', '1.00000']
  '014.6000': ['2.782', '2.847', '0.080', '0.02016', '-0.99980', '0.00028', '0.99980',
    '0.02016', '0.00023', '-0.00024', '0.00028', '1.00000']
  '014.6667': ['2.783', '2.858', '0.080', '0.01671', '-0.99986', '0.00027', '0.99986',
    '0.01671', '0.00023', '-0.00024', '0.00027', '1.00000']
  '014.7333': ['2.784', '2.871', '0.080', '0.02140', '-0.99977', '0.00026', '0.99977',
    '0.02140', '0.00023', '-0.00024', '0.00025', '1.00000']
  '014.8000': ['2.784', '2.882', '0.080', '0.02647', '-0.99965', '0.00027', '0.99965',
    '0.02647', '0.00024', '-0.00025', '0.00026', '1.00000']
  '014.8667': ['2.784', '2.898', '0.080', '0.03277', '-0.99946', '0.00028', '0.99946',
    '0.03277', '0.00026', '-0.00026', '0.00027', '1.00000']
  '014.9333': ['2.784', '2.910', '0.080', '0.03262', '-0.99947', '0.00028', '0.99947',
    '0.03262', '0.00028', '-0.00028', '0.00027', '1.00000']
  '015.0000': ['2.784', '2.922', '0.080', '0.01585', '-0.99987', '0.00025', '0.99987',
    '0.01585', '0.00027', '-0.00028', '0.00025', '1.00000']
  '015.0667': ['2.784', '2.934', '0.080', '0.00145', '-1.00000', '0.00028', '1.00000',
    '0.00145', '0.00026', '-0.00026', '0.00028', '1.00000']
  '015.1333': ['2.785', '2.946', '0.080', '-0.01275', '-0.99992', '0.00028', '0.99992',
    '-0.01275', '0.00028', '-0.00027', '0.00028', '1.00000']
  '015.2000': ['2.785', '2.957', '0.080', '-0.02632', '-0.99965', '0.00028', '0.99965',
    '-0.02632', '0.00027', '-0.00027', '0.00029', '1.00000']
  '015.2667': ['2.784', '2.965', '0.080', '-0.03928', '-0.99923', '0.00026', '0.99923',
    '-0.03928', '0.00029', '-0.00028', '0.00027', '1.00000']
  '015.3333': ['2.784', '2.975', '0.080', '-0.05110', '-0.99869', '0.00027', '0.99869',
    '-0.05110', '0.00031', '-0.00030', '0.00028', '1.00000']
  '015.4000': ['2.783', '2.989', '0.080', '-0.07282', '-0.99735', '0.00028', '0.99735',
    '-0.07282', '0.00035', '-0.00033', '0.00031', '1.00000']
  '015.4667': ['2.783', '2.999', '0.080', '-0.08678', '-0.99623', '0.00029', '0.99623',
    '-0.08678', '0.00037', '-0.00035', '0.00032', '1.00000']
  '015.5333': ['2.782', '3.009', '0.080', '-0.09733', '-0.99525', '0.00029', '0.99525',
    '-0.09733', '0.00039', '-0.00036', '0.00033', '1.00000']
  '015.6000': ['2.780', '3.022', '0.080', '-0.10614', '-0.99435', '0.00031', '0.99435',
    '-0.10614', '0.00047', '-0.00044', '0.00036', '1.00000']
  '015.6667': ['2.779', '3.033', '0.080', '-0.11249', '-0.99365', '0.00029', '0.99365',
    '-0.11249', '0.00050', '-0.00046', '0.00035', '1.00000']
  '015.7333': ['2.776', '3.042', '0.080', '-0.12764', '-0.99182', '0.00029', '0.99182',
    '-0.12764', '0.00051', '-0.00047', '0.00035', '1.00000']
  '015.8000': ['2.774', '3.055', '0.080', '-0.16368', '-0.98651', '0.00028', '0.98651',
    '-0.16368', '0.00056', '-0.00050', '0.00036', '1.00000']
  '015.8667': ['2.773', '3.068', '0.080', '-0.20087', '-0.97962', '0.00027', '0.97962',
    '-0.20087', '0.00057', '-0.00050', '0.00038', '1.00000']
  '015.9333': ['2.770', '3.080', '0.080', '-0.23846', '-0.97115', '0.00025', '0.97115',
    '-0.23846', '0.00058', '-0.00051', '0.00038', '1.00000']
  '016.0000': ['2.768', '3.092', '0.080', '-0.27436', '-0.96163', '0.00025', '0.96163',
    '-0.27436', '0.00057', '-0.00048', '0.00040', '1.00000']
  '016.0667': ['2.767', '3.105', '0.080', '-0.31094', '-0.95043', '0.00024', '0.95043',
    '-0.31094', '0.00058', '-0.00048', '0.00041', '1.00000']
  '016.1333': ['2.764', '3.115', '0.080', '-0.34727', '-0.93777', '0.00023', '0.93777',
    '-0.34727', '0.00058', '-0.00047', '0.00042', '1.00000']
  '016.2000': ['2.760', '3.127', '0.080', '-0.38353', '-0.92353', '0.00021', '0.92353',
    '-0.38353', '0.00059', '-0.00046', '0.00042', '1.00000']
  '016.2667': ['2.755', '3.139', '0.080', '-0.41969', '-0.90767', '0.00020', '0.90767',
    '-0.41969', '0.00058', '-0.00044', '0.00043', '1.00000']
  '016.3333': ['2.750', '3.150', '0.080', '-0.45571', '-0.89013', '0.00018', '0.89013',
    '-0.45571', '0.00061', '-0.00046', '0.00043', '1.00000']
  '016.4000': ['2.744', '3.159', '0.080', '-0.49083', '-0.87125', '0.00016', '0.87125',
    '-0.49083', '0.00061', '-0.00046', '0.00044', '1.00000']
  '016.4667': ['2.737', '3.169', '0.080', '-0.52585', '-0.85058', '0.00015', '0.85058',
    '-0.52584', '0.00062', '-0.00045', '0.00046', '1.00000']
  '016.5333': ['2.730', '3.176', '0.080', '-0.55989', '-0.82857', '0.00024', '0.82857',
    '-0.55989', '0.00063', '-0.00039', '0.00055', '1.00000']
  '016.6000': ['2.722', '3.185', '0.080', '-0.59253', '-0.80555', '0.00024', '0.80555',
    '-0.59253', '0.00063', '-0.00037', '0.00057', '1.00000']
  '016.6667': ['2.715', '3.194', '0.080', '-0.62486', '-0.78074', '0.00023', '0.78074',
    '-0.62486', '0.00063', '-0.00035', '0.00057', '1.00000']
  '016.7333': ['2.709', '3.202', '0.080', '-0.65669', '-0.75416', '0.00020', '0.75416',
    '-0.65669', '0.00061', '-0.00033', '0.00056', '1.00000']
  '016.8000': ['2.702', '3.211', '0.080', '-0.68937', '-0.72441', '0.00019', '0.72441',
    '-0.68937', '0.00061', '-0.00031', '0.00056', '1.00000']
  '016.8667': ['2.693', '3.220', '0.080', '-0.72516', '-0.68858', '0.00017', '0.68858',
    '-0.72516', '0.00061', '-0.00029', '0.00056', '1.00000']
  '016.9333': ['2.684', '3.228', '0.080', '-0.76029', '-0.64958', '0.00017', '0.64958',
    '-0.76029', '0.00061', '-0.00027', '0.00057', '1.00000']
  '017.0000': ['2.673', '3.238', '0.080', '-0.78215', '-0.62309', '0.00017', '0.62309',
    '-0.78215', '0.00062', '-0.00025', '0.00059', '1.00000']
  '017.0667': ['2.664', '3.245', '0.080', '-0.79224', '-0.61021', '0.00017', '0.61021',
    '-0.79224', '0.00061', '-0.00024', '0.00059', '1.00000']
  '017.1333': ['2.656', '3.252', '0.080', '-0.81382', '-0.58112', '0.00015', '0.58112',
    '-0.81382', '0.00061', '-0.00023', '0.00058', '1.00000']
  '017.2000': ['2.654', '3.257', '0.080', '-0.83655', '-0.54789', '0.00013', '0.54789',
    '-0.83655', '0.00057', '-0.00021', '0.00055', '1.00000']
  '017.2667': ['2.647', '3.262', '0.080', '-0.85850', '-0.51281', '0.00013', '0.51281',
    '-0.85850', '0.00058', '-0.00019', '0.00057', '1.00000']
  '017.3333': ['2.637', '3.269', '0.080', '-0.86905', '-0.49472', '0.00013', '0.49472',
    '-0.86905', '0.00060', '-0.00018', '0.00058', '1.00000']
  '017.4000': ['2.626', '3.275', '0.080', '-0.87664', '-0.48115', '0.00013', '0.48115',
    '-0.87664', '0.00059', '-0.00017', '0.00058', '1.00000']
  '017.4667': ['2.616', '3.280', '0.080', '-0.89082', '-0.45436', '0.00013', '0.45436',
    '-0.89082', '0.00061', '-0.00016', '0.00060', '1.00000']
  '017.5333': ['2.605', '3.286', '0.080', '-0.89781', '-0.44039', '0.00013', '0.44039',
    '-0.89781', '0.00061', '-0.00016', '0.00060', '1.00000']
  '017.6000': ['2.595', '3.291', '0.080', '-0.90476', '-0.42592', '0.00012', '0.42592',
    '-0.90476', '0.00060', '-0.00015', '0.00060', '1.00000']
  '017.6666': ['2.584', '3.296', '0.080', '-0.91166', '-0.41095', '0.00010', '0.41095',
    '-0.91166', '0.00061', '-0.00016', '0.00060', '1.00000']
  '017.7333': ['2.574', '3.300', '0.080', '-0.91280', '-0.40840', '0.00010', '0.40840',
    '-0.91280', '0.00060', '-0.00015', '0.00059', '1.00000']
  '017.8000': ['2.562', '3.305', '0.080', '-0.91346', '-0.40693', '0.00010', '0.40693',
    '-0.91346', '0.00059', '-0.00015', '0.00058', '1.00000']
